1	0.27118249726431615
2	0.5876580951096174
3	0.24786405739841846
4	0.375870262542309
5	0.47895739623880845
6	-0.1777978456064892
7	0.07182437578363157
8	-1.2170924256969884
9	-2.1061991467115035
10	2.016941549335867
11	1.9902654463327623
12	-0.2526102269288156
13	-0.41547323417129134
14	-1.147269676599254
15	-1.299678836577873
16	-1.238698566104902
17	0.07938469475177316
18	-0.09664424695514831
19	-0.25889561430395613
20	-0.2981815146967087
21	0.9723126308999734
22	-0.6615259310854134
23	-0.1900720710448667
24	0.4147297110325127
25	-1.7818572942908288
26	2.709502677589796
27	1.1284800321218642
28	0.49540583650446807
29	-0.4939747372875393
30	0.49033589450432064
31	-0.278655628722752
32	-0.33672761141505525
33	0.5784155795051414
34	0.7037171777854621
35	-0.2835033195489874
36	-0.44572160086882123
37	0.060079013762860664
38	0.6472666548917465
39	0.7199727310009121
40	-0.3321394791951922
41	-0.7804487308710305
42	-0.889029646047519
43	1.082988744492239
44	-0.5747227278993825
45	-0.4328903289760703
46	0.7219193494029335
47	-0.2635989459326299
48	1.190275002522207
49	1.8136120419039568
50	-0.2862145099662443
51	-0.20933134917190407
52	-0.24670790905334367
53	-0.038346591549145645
54	1.7516519280889784
55	-1.5589976999273083
56	-0.051157561743871115
57	0.1755398154531486
58	-0.43402563025988095
59	1.9343550018351923
60	0.3354359473795528
61	-1.018944554087893
62	0.34243529749867796
63	0.37094995637442413
64	-0.4681855591262474
65	-0.6790671863276678
66	-0.3202371895525174
67	-0.4175887391056434
68	1.4441617289231388
69	-1.0612909810274436
70	1.0683402177469536
71	-0.795550457877952
72	-0.17497556709214304
73	0.05627360416250677
74	0.09668356499136291
75	0.4573561773430547
76	0.36629440790169343
77	0.5572177474343216
78	0.4306957617127288
79	-0.1333922961404572
80	-0.561708643118792
81	0.11557750787289685
82	0.09957372778419746
83	0.4385348823067392
84	-0.5454407250073741
85	1.4748951132391004
86	-1.4180458874529809
87	-0.9784094519071191
88	0.7121685621481616
89	1.5061197354675888
90	0.5354444215280793
91	-0.3262253762288391
92	0.22049908021151088
93	-0.5276876132297983
94	0.33171301539758463
95	-0.41951215020056815
96	0.07422989752522967
97	-0.8291252402199298
98	-0.0686115289034036
99	-0.929107560492038
100	1.8470996934233659
101	-2.0399856177251086
102	-0.7033823462411631
103	-0.3590756258970083
104	0.8537647129121755
105	0.24572408916793445
106	-0.17273193284402982
107	-1.5206423904861426
108	1.5006340254438997
109	-0.4318528467104925
110	-0.5818643206594455
111	-0.5554347135493949
112	0.5210854241648959
113	0.47357631206168427
114	-0.08476598621242658
115	1.0252986563104243
116	1.460219158200131
117	1.9801235555093126
118	1.647477423338421
119	0.06762301964279219
120	1.038524376753732
121	1.1881922553833544
122	3.0173333326391396
123	0.30844562673580667
124	-1.0973149934108595
125	1.6645301614963681
126	0.3990198895825016
127	2.0973963746719058
128	0.5320233647916374
129	-0.1378344724539324
130	-0.36274792471417205
131	1.1495669775700654
132	1.298196662538648
133	0.5961200635629003
134	-1.1054976409724322
135	0.9167377992803797
136	1.019116060402312
137	-0.44686176069267813
138	-1.048223301882488
139	-0.6182147206793741
140	-0.25525474547943294
141	0.7286424133591713
142	0.008105794465245274
143	0.41063286924323955
144	-0.8787109315903125
145	-0.41038419211016636
146	0.3087039091936342
147	-0.8426201619140162
148	0.6124380175301027
149	0.062277538978012824
150	-0.5623383181330449
151	-1.412495673562277
152	0.6489264171169471
153	0.43708308751579766
154	0.0893315958940649
155	0.12548809719280996
156	-0.29925058071087746
157	1.335324665772109
158	-0.5624858308601745
159	-0.09122946228003097
160	0.17137291918345615
161	-0.11454611588390466
162	-0.38911398262371977
163	0.4328086582399273
164	0.6456735459514436
165	-0.8194580786526853
166	-1.3976161132793177
167	1.4779279605239783
168	0.8473914461198582
169	1.3900687600855157
170	-0.5469552122018201
171	0.18709251138600927
172	1.24694253794717
173	0.6138020656076171
174	-0.7315170844682477
175	-0.40825243885913115
176	-1.589762310213605
177	0.9819854830046304
178	0.6497113874837801
179	-0.6650939986245641
180	-0.8115582375619925
181	0.14328853939916197
182	-0.9408476256239939
183	-0.8369403257907859
184	1.0752002361083812
185	-0.781737351031001
186	0.45467661552201166
187	1.6199335883952986
188	-0.4187927610531932
189	1.1007744831478647
190	2.002874753794784
191	0.9525569533741159
192	-0.35481945902171147
193	0.7309935503569189
194	-0.6278063934010967
195	0.46915848967930623
196	-1.2168237438392744
197	-1.0975136043397478
198	-0.8914109606220687
199	1.8758521278752287
200	0.9644322000727208
201	-1.382733982389464
202	1.1903044087200243
203	-1.040200310664411
204	0.7542380525514828
205	0.5241776559521947
206	-1.3936286817700396
207	-1.4234217747945135
208	0.3311713028725164
209	0.5785712172365667
210	-1.3288822078835985
211	0.7347615308841537
212	2.0385201902226866
213	1.032710417838228
214	0.11820047460262896
215	0.58452656034061
216	0.1622978812488838
217	-0.5827955775176651
218	0.06245374395697816
219	0.29723481246756345
220	-0.09412250469394506
221	0.24778416315672594
222	1.5247243641374117
223	-0.45108443491361994
224	0.8394819715546878
225	0.7838775962066735
226	-0.05214445185639707
227	-0.7387743124516702
228	0.5542777449385302
229	-0.7463150528734522
230	1.4210196390422571
231	-1.6919672531437193
232	-0.1516237678922415
233	-0.38857278217564833
234	0.6277458783279587
235	0.645304338966168
236	-0.2120464379523108
237	0.7996437096005704
238	1.401329657982345
239	-1.0330531996113361
240	1.4569802260434859
241	1.0638724136106092
242	0.9894832381230181
243	-0.06618133480973322
244	-0.33139593127892275
245	-0.5990751153667407
246	-0.07840613112804906
247	-1.2062532740720535
248	0.15198393228661322
249	-0.6268758340873908
250	-0.033346606469833166
251	-0.8879406749933685
252	0.6701622897713213
253	-0.6626486799250957
254	-1.8772046377055116
255	-0.7748005285598956
256	0.3465773406565882
257	-1.1982206091712022
258	1.3762302173098369
259	0.026364980517376447
260	-0.12731588026671636
261	0.08341726115561805
262	0.5604697510924905
263	0.6336535653422165
264	1.0277187289707899
265	0.49504343555678454
266	-1.5138282831035037
267	1.5052247857009777
268	0.03987300504135165
269	0.9653174731781132
270	0.675016006616741
271	0.6200409727092888
272	1.3389284844875589
273	0.29094662439016045
274	-1.0601252893591229
275	1.6081746283148315
276	-1.9309914204322498
277	1.1719318344538048
278	-1.0373893827824536
279	1.3995169294231489
280	0.44232973690325594
281	-1.0300653401961564
282	-0.15085593038609135
283	0.26835571545286485
284	-0.5710000973333476
285	1.4562114220454745
286	-1.4635616359567996
287	0.304031023052846
288	0.4424335806171545
289	-0.14660405563137002
290	-0.5572008718439254
291	0.4632585599509644
292	0.048436468865509064
293	0.490852606676741
294	-0.1749109375322016
295	0.2746173374128591
296	-1.347007323874272
297	-0.044527873418817566
298	0.09101059531968612
299	0.4422632354759795
300	-2.1578122630765857
301	1.9923039346834162
302	-0.9001409619004355
303	0.05694566218625469
304	-0.6133051845992946
305	2.076068740274201
306	0.5908825295970908
307	-1.6430168633743767
308	0.1415007385183794
309	-0.1839190843345558
310	0.28294679394626177
311	-0.37855738137972095
312	-1.5273815357099105
313	-2.5088618774494935
314	-1.3296475195989679
315	2.241390977430735
316	-0.877586943441018
317	-1.2035461192139796
318	0.18991007293982212
319	-1.327517782399385
320	-0.19888066520388575
321	-0.5224168815075272
322	-0.0038714772175779556
323	-0.7401077724806627
324	-1.2220706994887416
325	-0.7417195110033924
326	-0.18924054948168093
327	1.0793453430132265
328	-0.033971438591313734
329	0.5240619988646403
330	0.7583295972216609
331	1.1850320841613962
332	-0.26695599775717116
333	-1.040522298103777
334	-0.31662201583108807
335	0.2058708311514007
336	0.12165484486849958
337	-0.23480791076073
338	0.10497023601805386
339	-0.45941945338467705
340	-0.814544136293753
341	0.8171822695608011
342	-0.6800649152430144
343	0.45002865700627687
344	0.577007187452408
345	-0.40954688764271924
346	0.24663202440058732
347	0.1261018828271978
348	0.27323345886051675
349	0.10688539729460522
350	1.3795867857467532
351	0.6568905562287395
352	-0.2229932349975784
353	0.18385766818774527
354	0.7726226503144529
355	-0.7612138751757328
356	0.07939789709765496
357	0.9096916851487157
358	0.8465428788018856
359	1.6332092663357445
360	-0.5379291136199422
361	-0.9576495402399754
362	1.2401670387679746
363	0.11496775365737323
364	-0.569503202232675
365	-0.001725132346147263
366	-0.9095173637802286
367	-0.29459273672967423
368	0.976178701347545
369	0.4272707118612918
370	1.6770618930834778
371	1.260437168697198
372	0.8510142781794798
373	-0.667760665446393
374	-0.5064581510880185
375	-0.15136010116110896
376	0.6862240203339443
377	-1.1808660363597479
378	1.5207940340769384
379	-0.8663931371693024
380	1.9093713657253375
381	-0.19651092058744973
382	-0.936704089769696
383	0.546606636971072
384	1.1592151954545553
385	-1.0640310730552374
386	-0.25687883354419755
387	0.803400557576367
388	-0.9681934718906879
389	0.8620334963955251
390	0.7798629073398611
391	-1.8934127761813309
392	-2.292864998781074
393	-2.6052784711410815
394	0.5655137898037031
395	0.6907974002325268
396	-0.8963822905172956
397	0.9015507438617409
398	-0.3871980480529462
399	-0.8020677930843415
400	0.528634334124344
401	-0.49171851619739076
402	0.41103579308076865
403	0.21671996976798066
404	0.6395200333404695
405	-0.17829319761178397
406	-0.07696334527384846
407	0.42010779952764515
408	-0.1525898848332297
409	0.8444440152400537
410	-0.41189171670101243
411	0.7011094301828668
412	-0.0624044973715047
413	1.2655631858076468
414	-0.12200698805067832
415	-0.4102197559551252
416	-0.21172501918272704
417	0.6695807036405583
418	0.2761689363225269
419	-1.2565195439990844
420	-2.766989413988121
421	2.2582403149171255
422	0.7700127314198397
423	-1.448776602289869
424	-0.1902807637003407
425	-1.1802978125728931
426	1.6153187402398679
427	1.66621457166344
428	-0.45696059774571535
429	-1.0235636829740553
430	-1.2116308265879856
431	1.8235387879633815
432	1.5399134805957813
433	-1.9630180916033761
434	-0.9131056858752709
435	2.6519527127887073
436	-3.3255836616825016
437	0.7915139750931343
438	-1.2190747694097415
439	-2.422623125650666
440	0.3533739785449432
441	0.8982090859257176
442	0.16436956395856306
443	-1.2823720833300105
444	-3.23332884573959
445	-2.289899284940649
446	0.7320448264270093
447	0.28537411021624615
448	0.6118672232057912
449	-0.8992283991079844
450	-0.2823944569786117
451	-0.29412700802263086
452	0.6639627340800265
453	-0.59351970284537
454	0.5819757046788858
455	-0.31458700051438676
456	-0.28211702619130147
457	-1.0580866209807351
458	0.092690918690568
459	0.8036982093220874
460	-1.2958374178310645
461	-1.574749386418477
462	-0.8881806535736576
463	1.1313575391695634
464	0.2629553667588849
465	-0.44195343270612025
466	-0.5373930104122921
467	0.6258181761548619
468	-1.290707250972972
469	-1.2551907677935539
470	1.349287611737924
471	0.17234362540776932
472	0.13836984515610767
473	-0.25519038251993426
474	-0.3236076103695987
475	-0.631792799752327
476	-0.21812521933013476
477	0.48200018682079326
478	-0.29346254019391876
479	0.5776456503453261
480	-0.41889696798521064
481	-0.1713041612155036
482	0.34395038747552464
483	-0.27055326046800315
484	-0.4633433872288754
485	-0.23760734487853255
486	0.5799937243965618
487	-0.46698229815297876
488	-0.01678234225628231
489	0.023590191749270403
490	-0.38116361064505155
491	0.03881525643501239
492	-0.17711651661174785
493	1.1782649194227854
494	0.4910356157489644
495	-1.0051792467435368
496	0.06399510435718672
497	-0.8491521582292604
498	-0.5322951683413277
499	-0.011570478481701136
500	0.760992520361127
501	1.2719414926281247
502	0.89263763423193
503	-0.6456961781840044
504	0.10881704782541271
505	0.07630371719743491
506	0.9298187587731138
507	1.6198300748293464
508	3.2795995376127887
509	0.1752308085345934
510	0.5099948353050617
511	0.8003298151410175
512	-0.052518961505623685
513	-2.069747296974511
514	-0.3325659886794806
515	-0.6131951919954994
516	0.3767407936815529
517	0.7323602745518124
518	-0.3758395072650548
519	0.33669047760483206
520	-1.0675856320154986
521	0.3155017161200819
522	-1.7907457164536178
523	-2.428795052741079
524	-2.1892983181002825
525	-0.43046934563047157
526	0.1430842276675379
527	-1.0429127181503601
528	-0.6994168552482404
529	0.7885855856657608
530	-0.5461736525798394
531	-1.1768064921526857
532	0.7437961220162863
533	-0.7044914943662088
534	0.2662639652259649
535	0.5147233985000395
536	-0.3930042249002801
537	-0.29742188689516613
538	0.3647595242375757
539	0.5502349258091364
540	-0.1776075274170425
541	0.47793144760563394
542	-0.13553489586092438
543	-0.029102431550971246
544	0.3444040946358877
545	-0.4036298036417752
546	2.3406530029532506
547	-0.39031582042304175
548	-0.40362542028779286
549	0.09494026118363703
550	0.3420785180951482
551	-0.3749387048105151
552	-0.5007936051270829
553	-0.8337522576747787
554	1.1301113381318155
555	2.126271153773444
556	-1.0778525951127431
557	-0.26473868751189844
558	0.7302381184954343
559	0.17138669848123467
560	0.4410972839043774
561	0.9536246331747255
562	0.047023274181518776
563	-1.1422761429329624
564	0.814437510072592
565	0.42614523294161905
566	-1.026385370808704
567	-1.0545901235243578
568	-0.5666987092223139
569	-0.7766232186154898
570	2.657729394683207
571	-0.14863252379369454
572	-0.3634783538721066
573	-0.48610640328381993
574	-0.2730478364013929
575	0.8294783965835082
576	0.5630452702951607
577	1.2489598569848068
578	1.2246220786336774
579	-0.3862174866037524
580	0.21886950853382223
581	0.37895347038944377
582	0.23620979908357237
583	0.7725036135531982
584	-0.9234791405022672
585	0.8223248983036703
586	0.36739484278414725
587	-0.4395697937828057
588	-0.39135253999826625
589	0.03758186371031207
590	0.12040822462132857
591	-0.6746415493429004
592	1.2482325272275465
593	1.1506937784644387
594	-0.5328650909308499
595	1.7239634328488627
596	0.8072565343032525
597	1.0726791058317948
598	0.577941967114478
599	0.6386571739933924
600	-0.45306089782470427
601	0.9865226179201801
602	0.11651580448714824
603	-0.005814279329810883
604	0.21677597199005394
605	0.5055092598397778
606	0.2009678634391734
607	-0.8733118056094423
608	0.7528728021700242
609	-1.5585477702831352
610	-0.933877208498144
611	-0.30156561705489826
612	0.9008652746855704
613	-1.4615272976629505
614	0.13569256266670718
615	0.4002800532246872
616	0.04315674072792392
617	0.1797837476934014
618	0.13888329972610036
619	-0.3113019607466533
620	0.21411838713509823
621	1.3424689716109708
622	-0.08282720854513127
623	0.10929963890219908
624	0.7977648462778322
625	-0.16508809595946694
626	-0.6729513222953487
627	-0.23145617608962293
628	-0.9687655292104744
629	0.3625776968609958
630	0.3326222996966584
631	-0.0746462305297821
632	-0.7357701354381698
633	2.464508326516743
634	0.8134334279431881
635	0.41851683067766904
636	0.8773367385385124
637	0.04333395410366014
638	0.13444714773824765
639	0.026113896007521023
640	-0.055842148945430804
641	0.9718178710404183
642	0.46523403652901246
643	0.630471077296137
644	0.8751011279944474
645	-0.1967338857224034
646	0.2501494316646883
647	-0.18751235714303174
648	0.7463156616483384
649	1.1344312562396437
650	-1.6233925123553639
651	0.599977190555072
652	-0.1507957648530476
653	-0.41329655232493523
654	-1.261714070133154
655	0.8097671283848424
656	-1.6651268324920798
657	0.7741397565165921
658	0.611498601803005
659	0.24002648441252827
660	2.6687792729222766
661	-1.1814624613639093
662	0.17941923342857263
663	-0.5533784198028214
664	0.07032743123002362
665	0.5264704178627668
666	-0.6588409268904095
667	0.6057480929757463
668	-0.5885288077118118
669	0.334492197946642
670	0.9806883921280916
671	-0.09443657158123446
672	0.2647261652266024
673	1.2010124661289567
674	-0.7768050810329731
675	0.3894221838009669
676	0.24080768672434863
677	0.32495007723414526
678	0.21498979534320725
679	-0.679851803539239
680	0.9048569759164943
681	-0.8185305726455993
682	-0.2240731534802317
683	-0.5337003858288084
684	-0.7174861836007628
685	-1.0317297834900456
686	1.1463362250157065
687	0.11302009876752955
688	0.4698580522211505
689	0.3382050300531551
690	1.1351868395168851
691	-0.5250341967738117
692	-0.29627222275210496
693	0.24267183526787847
694	0.2031261654606545
695	-0.2461490692111001
696	0.4831950094012247
697	-1.085573921128146
698	0.2908436992191881
699	0.5384217387145463
700	-0.7490101047209471
701	0.0069677904794985795
702	1.6208531827776373
703	2.538807834372743
704	2.4342392756569153
705	1.746625955816967
706	-1.912689128126259
707	-0.49959321793594225
708	0.3746232760703498
709	-0.6625959363408311
710	-1.5989063742423433
711	0.737360477682376
712	0.08612077279904973
713	0.7021137407972048
714	1.4477399186314652
715	-0.35239469011055624
716	-0.3622614805724996
717	0.5067185014470885
718	-0.5551735588353225
719	0.9158944253110243
720	1.143601930138478
721	1.5070999895953865
722	0.8910028394294744
723	0.6042938812421486
724	-0.7943927103492615
725	0.44779068377393155
726	0.396019834970777
727	0.4800806403399534
728	-1.4704682960304827
729	-0.657915434318768
730	0.3176270914081525
731	-1.1783086636089177
732	-0.25751135025611205
733	-0.038074367717290745
734	0.37652368230506256
735	1.7103459603749376
736	-0.04435960134192687
737	0.6076591508976833
738	-0.9096009797912247
739	-0.1042788388955954
740	0.4656694017574364
741	0.0557697355702243
742	0.029473806277120006
743	0.36258175494809763
744	0.6982788071622126
745	-0.1955110374065915
746	0.6601386626763741
747	0.16238804073546068
748	-0.15465092463230048
749	-2.086847994034457
750	0.5835550753266664
751	-0.37079884442755195
752	0.4493700754065668
753	-0.08716922615909846
754	1.5235280276441678
755	0.8147086879274348
756	-0.03794879097098168
757	0.5928857427952542
758	0.8450877814719365
759	-0.09300509898617684
760	0.26562430084915006
761	0.3252974082895357
762	0.24471447175426816
763	-0.3710887244224261
764	-0.551088585642498
765	0.3772995330441943
766	0.86223995017903
767	-0.34265839148005567
768	-0.21765831981975575
769	0.7973810194759273
770	0.8563964983499898
771	-0.9818339049380321
772	-1.1867366609741854
773	0.03649287138814655
774	0.16760823675869735
775	-0.4763376136777686
776	-1.0722496778655126
777	0.4021162896003122
778	0.3570538423600637
779	0.5078194196647688
780	1.3523984798114785
781	0.41231851774886497
782	0.41996326713312404
783	1.0238512065127978
784	1.0299402033673664
785	-0.22542110903465987
786	1.452258069108618
787	2.362612309135775
788	-1.05254679992943
789	0.5135384444337717
790	1.309130364874568
791	-2.4493894554176143
792	-1.175805037212771
793	-0.20517018248914326
794	-0.736038481531123
795	1.6588441113291346
796	-0.35428535513091564
797	0.41307880140209746
798	-1.0885087789989019
799	0.6914382584159949
800	0.8221346949239956
801	-1.8872173772876106
802	1.1046579767248081
803	0.26181169883364974
804	0.3031801469364221
805	-0.09439158090673772
806	-0.23855169179608335
807	0.634611950017358
808	0.07525837010924429
809	0.5550842252423583
810	-0.5605845651514412
811	1.5519616665837643
812	-1.960490483205569
813	-1.3033886440963958
814	0.32994920742154926
815	-0.862413080795013
816	-1.1094191249143068
817	0.7236171864350026
818	0.03478414995465225
819	-1.1885932687550065
820	-0.3188870283648929
821	-0.33282409364975674
822	-0.4176698038499825
823	0.6541637579246962
824	0.8696698884032416
825	0.2599302952320344
826	0.14423554295280241
827	0.9118684868210207
828	0.16502865391278324
829	0.06689440917259645
830	-0.8704669545656276
831	-0.36499042483325705
832	1.684357218262958
833	0.5537338212462235
834	-0.338810646771235
835	1.3038116347305215
836	0.0775012299970899
837	-1.9307414793970934
838	0.538609379976879
839	0.7436276217441111
840	-0.9782594810042264
841	-0.6202107173984165
842	-0.3544488515448374
843	-0.4168826142143012
844	-0.6511673346745417
845	-0.6549997637724312
846	0.9053798766817137
847	-0.3533543362574617
848	-0.7093819623993342
849	-1.360632297950075
850	-1.4779822417858195
851	1.8595335656563525
852	0.03623676731008562
853	-1.0099183394653004
854	0.7968024573317715
855	1.3121198435315775
856	-1.3023758324739718
857	0.8400478771526412
858	-0.0729018407016486
859	0.6300949489648422
860	-1.1411954252912744
861	1.8978349035325615
862	2.4712695664463573
863	-0.6873120151042518
864	0.2610244849341178
865	-0.14967868718930516
866	0.15916614625543163
867	0.44290323916394186
868	-0.5636078502563562
869	-1.1792391351585556
870	0.940828303945524
871	0.9799304417375493
872	-0.24412373869536053
873	1.0751156002870903
874	1.7140518084772578
875	-0.2622488134309663
876	-0.5822194693550803
877	0.5740842664140677
878	-0.343468647908299
879	-0.3911721665521824
880	-1.1231783977433423
881	0.945199619648007
882	0.31748609970681535
883	-0.22395266091998203
884	0.20867536570314554
885	1.697646284803456
886	-0.2522051550828876
887	-0.13067360716807944
888	0.30644366809616463
889	-0.06487089730050272
890	-0.15345333251507373
891	0.1088139893070593
892	1.0603770185079944
893	-0.018057725252521924
894	-0.8523331076372026
895	1.5488565641144296
896	-0.7731624416900075
897	0.04752009676577296
898	-0.6523249897301696
899	0.3049711361788362
900	-0.8598422714544379
901	0.5175776567853454
902	0.5528819829938271
903	-1.1519907968087195
904	1.3668175643669331
905	1.8098748115150025
906	-1.9370662272594272
907	2.1462872981973096
908	-0.25318800949448295
909	0.9991836227573244
910	-0.04103589359865374
911	-1.0559877524069767
912	-1.9390738367029767
913	-0.7461901440819187
914	0.2973286773903707
915	-1.3121405554248207
916	1.0601980327126006
917	1.5083234095001836
918	-2.017357492112795
919	-0.2978668664848074
920	1.950425921046343
921	-0.2820495224882016
922	-1.7103411541824016
923	1.2445708433151947
924	0.33454281015470294
925	-0.3524613031629397
926	-0.5884656611361421
927	0.4392489393812133
928	-0.23877551569143504
929	0.8371623756653308
930	1.7875725081723322
931	-0.7658821344844216
932	1.0851277142239075
933	0.6343090620175188
934	-1.2182983219189416
935	0.09520241117274697
936	-1.003382822508154
937	0.40871768137737846
938	1.833376362803436
939	-0.1089357904171039
940	-0.48009092399190206
941	0.7896913797905263
942	0.5254679570317948
943	0.9418935601497817
944	-0.20443171664363027
945	0.359969283833823
946	0.7222442589577066
947	0.5043624944586902
948	0.8561835082289491
949	0.09079415069715496
950	-0.36852275075585467
951	-1.7705302829912475
952	2.11623045803413
953	2.0112964869727854
954	1.5101936137362215
955	2.141983892245733
956	-0.20459008589402825
957	-0.029556983044483887
958	-1.0579364943655576
959	0.35900899286090654
960	1.0615471756972634
961	1.0904692150850022
962	0.07609371793698812
963	-0.34803694726097056
964	0.5486083188250575
965	-0.012743337320819082
966	-0.06665760919236435
967	-0.18072421093385815
968	-0.17208267899029192
969	0.0970312506324145
970	-0.24932398467002317
971	-1.1759795340895676
972	0.4754340335142438
973	-1.4871217425974783
974	0.013247082144574606
975	0.49902586761665013
976	0.24244247637320615
977	-0.13675250826807492
978	-0.38240550722973926
979	-0.5658586865103297
980	-1.607290344163314
981	-0.18621581707530024
982	-0.3414807317211482
983	-0.5120660709105678
984	0.15944466397087176
985	-1.2180297748299476
986	-0.99101714690206
987	-1.2048228024367917
988	1.0035413971732443
989	0.049232501719154775
990	0.24785607701363227
991	0.2049165673318977
992	0.27115063342995305
993	-0.47172385456027693
994	-0.7357437279127288
995	0.9390280925070374
996	-0.3836184868252677
997	0.5224691154769845
998	2.063604160340709
999	0.10409397785507611
1000	-0.19611935647551845