1	0.27118249726431615
2	0.7407230187764233
3	0.2884995375836839
4	0.47560432511196393
5	0.5911201371766921
6	-0.21377097978438467
7	0.09176297263679999
8	-1.5685646074546284
9	-1.9287039905841226
10	1.3089215949204105
11	1.3336114602629467
12	-0.170914386457935
13	-0.5253162005600448
14	-1.4026106594906722
15	-1.2245377207652275
16	-1.0967234744111738
17	0.07205634339520767
18	-0.12450591793302578
19	-0.3331970449760003
20	-0.37662790074277935
21	1.2196240504805798
22	-0.668871430962906
23	-0.21590087015843332
24	0.5290802336685015
25	-2.178836749891786
26	1.9813813241225535
27	0.6000718398341949
28	0.47034833114026525
29	-0.5911856795549595
30	0.5870689020971679
31	-0.333971673429909
32	-0.42388060579715786
33	0.7200139549405707
34	0.8214888140921915
35	-0.3173459719580027
36	-0.5606008214238473
37	0.07288507062454999
38	0.8346140852060109
39	0.8217765726923104
40	-0.3696503403626063
41	-0.9724308843903147
42	-0.9679159334641452
43	1.1314640826626445
44	-0.5558273273093015
45	-0.5059248490547702
46	0.8787198388376986
47	-0.29316526688641104
48	1.502238247085464
49	1.6790531765353929
50	-0.20679054584943446
51	-0.26315534207156677
52	-0.3139458884261974
53	-0.04853042891181247
54	2.260265309270496
55	-1.1532910148573683
56	-0.04079973920161972
57	0.22642348935150927
58	-0.5546565370823826
59	2.353809498230598
60	0.23165533876818772
61	-1.2687275451839137
62	0.3398454831219259
63	0.46120621025491526
64	-0.578473662170432
65	-0.818879193517564
66	-0.3615666204847751
67	-0.5215701606036359
68	1.7646507950972241
69	-0.8861829103681095
70	1.0423275771910865
71	-0.7739710040402812
72	-0.18943582465268288
73	0.07191865347726017
74	0.12468639950246443
75	0.5886130727794482
76	0.4430034092582006
77	0.6892013447715315
78	0.5061069988923153
79	-0.16245628727456193
80	-0.720899568977584
81	0.13562608266957193
82	0.127980531422398
83	0.5642842246105129
84	-0.6629446044305015
85	1.7393861868668978
86	-1.1695343189848453
87	-0.825627691058087
88	0.7183317011211761
89	1.6808768810245744
90	0.43612009463379026
91	-0.3858885013788541
92	0.27507228194983074
93	-0.6704625030544624
94	0.3932884313694671
95	-0.5227536675715554
96	0.09065945339559488
97	-1.0684354937549656
98	-0.07334967038333298
99	-1.197594932226628
100	1.8997932802824549
101	-1.4553846064090636
102	-0.4674058328034939
103	-0.4019870385299803
104	1.0576848585435614
105	0.26023821068278624
106	-0.21863888497385087
107	-1.9439031055763307
108	1.2152012971949573
109	-0.3525169633575258
110	-0.7084332895192381
111	-0.6476843457634937
112	0.612658898767111
113	0.5625818508208411
114	-0.10206772100110569
115	1.3204959443389004
116	1.445481759203327
117	1.6427634313886303
118	1.1188045065531766
119	0.05208443141701683
120	1.3386902047630407
121	1.1699583053080342
122	2.795840950145906
123	0.14976406157488628
124	-1.373732241270304
125	1.6004801186276587
126	0.30529311931816433
127	2.574535826165151
128	0.34634496457700814
129	-0.1632097992425528
130	-0.4653677581351102
131	1.4229816230333177
132	1.2219969988948172
133	0.5281138765839521
134	-1.2832575604720218
135	0.878539127135504
136	1.0532897192916146
137	-0.443451643577408
138	-1.27127509187435
139	-0.6063526073698107
140	-0.2941793356537515
141	0.9208858022940911
142	0.008993302640278342
143	0.5301131446209086
144	-1.0755668178578468
145	-0.43047086462344747
146	0.3778853596664084
147	-1.0548262439148
148	0.6513810966505061
149	0.07191036747720794
150	-0.725038899667643
151	-1.657190288446946
152	0.5488237792940387
153	0.4986070323214162
154	0.1086170361599711
155	0.1615752097065733
156	-0.3843187824984636
157	1.6746330365891804
158	-0.49084013547280236
159	-0.10702876920918224
160	0.22063024580746696
161	-0.14645165237893196
162	-0.5001612469890909
163	0.5325231962311721
164	0.7859299539233245
165	-0.9358314997010238
166	-1.4996048359554157
167	1.2574889539107705
168	0.6980367582528385
169	1.4757691997647056
170	-0.46679877629399946
171	0.2205421047586863
172	1.591335475885438
173	0.5552675441266829
174	-0.8442885921597368
175	-0.45248488351924016
176	-1.947051257669987
177	0.7736877087355108
178	0.6544012075185947
179	-0.758511609759044
180	-0.9207165435591625
181	0.154202949417083
182	-1.2064006754954708
183	-0.8568456983419812
184	1.146045122967744
185	-0.7584243891358723
186	0.4947853741963016
187	1.9605805892540495
188	-0.3260619415485921
189	1.3446545897497066
190	1.923103324867008
191	0.6415429890426125
192	-0.36158173577885766
193	0.9064358105226032
194	-0.6959575236958121
195	0.538993399241722
196	-1.4669645156426436
197	-1.0051333782427834
198	-0.8570409667729069
199	1.958005161654308
200	0.6806766365132491
201	-1.4024711450995768
202	1.0188881458775838
203	-0.9630122852931399
204	0.7421623547721528
205	0.5762107796145617
206	-1.6540437522145883
207	-1.2130689942879687
208	0.2788518749280529
209	0.7210374232328356
210	-1.5512031419067052
211	0.6428551341929313
212	2.256749195379653
213	0.6866107205160118
214	0.11665930053895143
215	0.7511305492120792
216	0.18909358450504654
217	-0.7458655068476582
218	0.07280493182029425
219	0.3832305565739546
220	-0.11808386967289503
221	0.31894750881496575
222	1.9293218167421773
223	-0.36469043007649526
224	1.016981891062585
225	0.8347194872596155
226	-0.056699333567492675
227	-0.9528902771209327
228	0.6127272383275766
229	-0.8777811184423122
230	1.5665865724679169
231	-1.426047558575672
232	-0.11477755442310389
233	-0.49784470062299646
234	0.7724703340106018
235	0.7413736786788205
236	-0.24218982879688095
237	1.0172024341913304
238	1.514820838813221
239	-0.8776492807967909
240	1.4377848457481408
241	0.8837672204555245
242	0.9643839683979404
243	-0.06646002672384975
244	-0.42720704438070595
245	-0.746555647072049
246	-0.09092704288104113
247	-1.554084946661735
248	0.13979302014623213
249	-0.8031329602950332
250	-0.03832210912278232
251	-1.145901814772923
252	0.7004551848683623
253	-0.7504717205168091
254	-2.1314794658477365
255	-0.5465621314537781
256	0.3781184452548706
257	-1.4884482973038573
258	1.2699974347413796
259	0.022627726727595755
260	-0.1643260240623812
261	0.1071140272200777
262	0.7218908634455112
263	0.7438547188294019
264	1.178403944028402
265	0.48957068361358036
266	-1.8119259359696533
267	1.2222379139624473
268	0.03248822747565081
269	1.2455595869405693
270	0.6844106693159119
271	0.701043882012467
272	1.542179702080094
273	0.2535159572913342
274	-1.3315593548273528
275	1.5697569521272499
276	-1.5103902605134565
277	0.8103531719225596
278	-0.9676358023622045
279	1.3786700273692805
280	0.3760650572442055
281	-1.2507368767545601
282	-0.14904749062290423
283	0.34384718910833223
284	-0.7200752315887371
285	1.7038806152801493
286	-1.2161682021205282
287	0.25189362682928834
288	0.5543540800147193
289	-0.1780063109100517
290	-0.7142444067661485
291	0.5443740989759802
292	0.05848708727215961
293	0.6331930075896356
294	-0.20960205384323388
295	0.3509683681329282
296	-1.6968463442514743
297	-0.03867208755147748
298	0.11741659709852917
299	0.569389475369493
300	-2.620127172124181
301	1.2696115587495722
302	-0.6085771618135505
303	0.05923805760835468
304	-0.7909191172004616
305	2.396507188632185
306	0.38759734396127893
307	-1.9104112835140101
308	0.10917663131546392
309	-0.23586950627099645
310	0.3612324041568864
311	-0.47617335099913927
312	-1.8839022329225035
313	-2.026204764049956
314	-0.7530356273164996
315	1.9604198433620237
316	-0.5432612428847953
317	-1.2630036866408623
318	0.17487016739244138
319	-1.6935789092528934
320	-0.17410064885955537
321	-0.6657172513277139
322	-0.004597293346861299
323	-0.9554702521143397
324	-1.3502894037354527
325	-0.6778337836505798
326	-0.20897369195199242
327	1.377087068612332
328	-0.032903071912279445
329	0.6763010176715367
330	0.9000626872874204
331	1.300721708224798
332	-0.2476788210736073
333	-1.3124918270005517
334	-0.3115123397997942
335	0.2573184768482497
336	0.1548828483845763
337	-0.3016512259033674
338	0.13309206528150982
339	-0.5909414565681376
340	-0.9845804666369937
341	0.8784403601216589
342	-0.7303181340566895
343	0.507933242880211
344	0.6992047618287062
345	-0.47829939362890306
346	0.30196511746142773
347	0.15959311127567774
348	0.3508878790826212
349	0.13467762895985808
350	1.7742948950198596
351	0.5630091812529916
352	-0.2536960767102089
353	0.23352011446687898
354	0.9863988512590454
355	-0.831157066684869
356	0.08705728561618786
357	1.1719468364778283
358	0.8773451613844653
359	1.7344618889632988
360	-0.41664281116412233
361	-1.1319488647275178
362	1.2612568578581955
363	0.10429203564489573
364	-0.73200742291845
365	-0.0020194832655451426
366	-1.1741807028504778
367	-0.3053325802690194
368	1.2252939955653228
369	0.43135119593573906
370	2.0442489408332705
371	0.9596763873630361
372	0.7656298487662684
373	-0.7079481468030232
374	-0.574054109039684
375	-0.18057488794998255
376	0.8792225497524283
377	-1.3299581221571188
378	1.4133762330023194
379	-0.7015557199519555
380	2.012369265910995
381	-0.1369728539661656
382	-1.194007960075212
383	0.5605217208672255
384	1.3666118671209793
385	-0.9976456826033014
386	-0.25034677841101327
387	1.01509828407616
388	-1.045135758343296
389	0.8730334170054407
390	0.8233107419620539
391	-2.0618678612837735
392	-1.6076907037196844
393	-1.5846735436462995
394	0.3106004383008209
395	0.8096702289154671
396	-1.0079473701866364
397	0.9392170284826669
398	-0.4025637932347221
399	-0.9873004433821801
400	0.5709296499744003
401	-0.5828316831284295
402	0.49243862674869876
403	0.2652450072067952
404	0.8129869167906489
405	-0.20403441211358442
406	-0.09832286921187929
407	0.5412891405608835
408	-0.18633532405112854
409	1.0818087076834464
410	-0.4377780143476986
411	0.8579114606793231
412	-0.06991812984970185
413	1.6317182753357513
414	-0.10953635963256414
415	-0.5269830449212825
416	-0.25918369753509846
417	0.8517907903128898
418	0.3128330619991821
419	-1.5824283187495258
420	-2.4933534413706466
421	1.179999447768291
422	0.473922666633422
423	-1.5834164577456615
424	-0.1585903522684241
425	-1.5056941718976316
426	1.501572457427413
427	1.2996290364602228
428	-0.34939456760798765
429	-1.2380483466641856
430	-1.200238785910725
431	1.673591485012414
432	1.108420242320707
433	-1.5774805460936059
434	-0.6239856188967325
435	2.744779735881517
436	-1.800075601257209
437	0.3531362499071559
438	-1.3218075507314073
439	-2.2166674338542536
440	0.20582459176217432
441	1.1141347357533946
442	0.17111510965729504
443	-1.6408242771800663
444	-2.8830062890708126
445	-1.047182109450922
446	0.4457183680733094
447	0.3162331978682685
448	0.7693094301551454
449	-1.038510816077219
450	-0.293866935934885
451	-0.37000806532220143
452	0.8334742878012351
453	-0.6736115873761427
454	0.6761191303584926
455	-0.3668223968304281
456	-0.3527603992452128
457	-1.3311256043198185
458	0.09055117055311777
459	1.0346111667511868
460	-1.3986616362089903
461	-1.396441976859706
462	-0.7039450275340267
463	1.1823874257064881
464	0.2493629906668732
465	-0.5578467465065081
466	-0.6525830836286594
467	0.7398409168597168
468	-1.4838074479271248
469	-1.1153968539192718
470	1.2165120043671365
471	0.14954036875226664
472	0.17689192001129603
473	-0.32736671422355795
474	-0.40899181295037906
475	-0.788578239391176
476	-0.25026197243693177
477	0.6126195493504167
478	-0.35253975072274685
479	0.7252094509394127
480	-0.4891207629385341
481	-0.2092516946262035
482	0.4397572996658781
483	-0.336273782140429
484	-0.584091832579993
485	-0.28690454363103685
486	0.7350632329790027
487	-0.5448634063978725
488	-0.020244256863313038
489	0.030451947827074437
490	-0.4919888504021006
491	0.04784667940076982
492	-0.2285416930546583
493	1.5054725719404978
494	0.45683695661964097
495	-1.204480206471125
496	0.06386259515671161
497	-1.09475726117578
498	-0.5647320592439922
499	-0.013699492332595911
500	0.982393280675277
501	1.3947566658941268
502	0.7993162131488311
503	-0.6736533075772512
504	0.12426949882448043
505	0.09812114757026716
506	1.1980679545303223
507	1.6655743521680733
508	2.553520911113191
509	0.07914256338564127
510	0.6517633166799303
511	0.9538300026287146
512	-0.05675781872475629
513	-2.6695789503165015
514	-0.2186448137669378
515	-0.7639674926663157
516	0.4349058704779371
517	0.903684814890944
518	-0.41643387899754625
519	0.41553993030472614
520	-1.3289450310139668
521	0.307037364140737
522	-2.238753056826332
523	-1.7701064125222525
524	-1.272585883654861
525	-0.2713203899597378
526	0.17427001177814233
527	-1.3372992405861677
528	-0.6874670857450783
529	0.8840592385852876
530	-0.5928456640535458
531	-1.3875329478473735
532	0.6924055261700794
533	-0.7773680289603512
534	0.29796729414934936
535	0.649336968962612
536	-0.4677375416947973
537	-0.3656080932943738
538	0.45760265295952357
539	0.6807983302729632
540	-0.2091522783314986
541	0.6106196999413522
542	-0.16300340691876222
543	-0.037343112702532946
544	0.4444983025010977
545	-0.5016277580088433
546	2.8699329506531255
547	-0.23361474387291456
548	-0.496475658012878
549	0.11640874297260881
550	0.44030054384457923
551	-0.46620066706886837
552	-0.6182017078477566
553	-0.9962984928105524
554	1.206034815253929
555	2.017385313778199
556	-0.6945348075126527
557	-0.2565679838389101
558	0.9214519723661794
559	0.19004304101063021
560	0.5639591167419945
561	1.1582921597023832
562	0.047899217863182235
563	-1.473586433725449
564	0.7689130398325005
565	0.45810856836878017
566	-1.2514662428349996
567	-1.0434907059665464
568	-0.5543988401853738
569	-0.9099296621128177
570	2.8976524774579135
571	-0.08030776842870219
572	-0.4658307553644856
573	-0.6016248504617908
574	-0.32763963385140765
575	1.0451921745454824
576	0.6018472010511629
577	1.4650034020421037
578	1.1069255735365964
579	-0.3525843904487071
580	0.2694780221009256
581	0.4815971421212891
582	0.29131918806602003
583	0.9792516874005192
584	-1.0083760985823988
585	0.8476560616917593
586	0.39377835210472534
587	-0.5435528283159197
588	-0.47553365718541935
589	0.04621588695925245
590	0.15537321725114894
591	-0.8667796705057121
592	1.4114855415496137
593	1.0404112333983915
594	-0.5013575194463177
595	2.0408322039279714
596	0.6035708432791843
597	1.1562525097422376
598	0.5612790397795657
599	0.7456519030290008
600	-0.5186217402018125
601	1.1944864199783907
602	0.11714475916839744
603	-0.007472463286532101
604	0.2798534229158384
605	0.6426212916886376
606	0.23982326049374864
607	-1.1125620976803112
608	0.7913719750905973
609	-1.7141114740520842
610	-0.7449289182971645
611	-0.3095871262653944
612	1.1292827696133128
613	-1.519933248676048
614	0.11251499531109814
615	0.5136166242280877
616	0.05295845215307029
617	0.23195585866032561
618	0.17739647444165518
619	-0.39932980404258883
620	0.2679068978202344
621	1.7072261396795723
622	-0.07206756264335965
623	0.14078365279187333
624	1.0258330813523135
625	-0.17858359286526695
626	-0.8609898034887301
627	-0.2618803037534901
628	-1.2289182516077972
629	0.36712090737536957
630	0.4117492405872935
631	-0.09299914805954865
632	-0.9481158067828019
633	2.7273491516358987
634	0.4673422732435577
635	0.4500780555263202
636	1.0717874016754665
637	0.045479135921555905
638	0.1734619778789875
639	0.03351158061730525
640	-0.07207552253498153
641	1.2533094024439715
642	0.47049247771168423
643	0.7608876173471004
644	1.0044725375989534
645	-0.20665132670376737
646	0.31885406065109717
647	-0.2371807828015414
648	0.9523917217344187
649	1.2506402670649293
650	-1.5375532990809604
651	0.4664937312435947
652	-0.17482594002517948
653	-0.5295646654265889
654	-1.543358764112531
655	0.7281416188025727
656	-1.7931675284021376
657	0.5921624306533715
658	0.6673121154539374
659	0.277237787313145
660	3.3810603188387276
661	-0.6361745357101144
662	0.16670579767190832
663	-0.7068637863193202
664	0.08273866569753999
665	0.6785526123175274
666	-0.7814225731174452
667	0.6886932274215702
668	-0.68104157608574
669	0.3892217320825158
670	1.221332764894433
671	-0.09516741384719489
672	0.3407485488556778
673	1.5155024290631547
674	-0.716026214132993
675	0.42454825432874976
676	0.29626570869394525
677	0.41162765700282644
678	0.2682688070843341
679	-0.8644672187356557
680	1.0213591321022724
681	-0.8499168393279601
682	-0.24050866868230242
683	-0.6777545240790849
684	-0.8491499255054545
685	-1.149268396219296
686	1.1318360406442003
687	0.10652632551739485
688	0.6040177735092567
689	0.40765153713683955
690	1.4126484985637715
691	-0.497119335895015
692	-0.35154499832924935
693	0.3045051163960844
694	0.2572338938693109
695	-0.31349470855645584
696	0.611572745546794
697	-1.3036779254143793
698	0.2809869893249915
699	0.67629180862703
700	-0.8852043581858161
701	0.007674045878934577
702	2.092478598104398
703	1.975940742149411
704	1.3654362166808498
705	1.0134596284534039
706	-1.4176701145477568
707	-0.3478002461828929
708	0.4478124854433562
709	-0.8179965851562613
710	-1.8155173185894644
711	0.5788606590115769
712	0.09525094647122495
713	0.9041922974764617
714	1.6214772470789893
715	-0.2938275306496154
716	-0.44944319914545683
717	0.62730495217782
718	-0.6622807182855154
719	1.0769364201116385
720	1.182340400161318
721	1.4220898081713247
722	0.725438584595801
723	0.6308589664335797
724	-0.9196994279721961
725	0.485006146095514
726	0.4801716533213479
727	0.5897188343831133
728	-1.7674319484980963
729	-0.5435812698128392
730	0.36123361788022307
731	-1.472477747807454
732	-0.2395724433756675
733	-0.04810204645880872
734	0.48585526579684657
735	2.110560480004609
736	-0.03334165084424899
737	0.7839705333973473
738	-1.051931040616914
739	-0.10807695677854594
740	0.5990093091269134
741	0.06729807894230282
742	0.038011132482589395
743	0.4679555473162924
744	0.8643903596531883
745	-0.21926914504369666
746	0.8415797983828811
747	0.1845422045604709
748	-0.19792134432756187
749	-2.672884402342552
750	0.38132109598793784
751	-0.4321516306537277
752	0.5552449125772957
753	-0.10564815230415725
754	1.9619033461136048
755	0.6589857303740002
756	-0.040791002909006085
757	0.7650450409287047
758	0.9819929841211515
759	-0.09882593984080446
760	0.34193500837206
761	0.41041559725642124
762	0.3053384115740578
763	-0.4697874900807144
764	-0.6808843287337054
765	0.44419563285330443
766	1.063811388369855
767	-0.36171992360022215
768	-0.27060422554837754
769	1.0135334578781847
770	0.9265373255662095
771	-1.0387793768370859
772	-1.1953750966334948
773	0.033834141501123426
774	0.21628531332949552
775	-0.6092703669703062
776	-1.2901275384874735
777	0.3905905489369715
778	0.4379532270172077
779	0.629390937827695
780	1.6127980741878034
781	0.35731162314571874
782	0.5138332707581483
783	1.2503224273610296
784	1.0201386087691329
785	-0.22273000215096522
786	1.8438850849359678
787	1.966372566785997
788	-0.6253676222916703
789	0.502806941659715
790	1.5586114677707805
791	-2.160314185675939
792	-0.678873590291344
793	-0.19107253866748938
794	-0.9371626853776972
795	1.8355829548349254
796	-0.27166809702343575
797	0.5122795342059441
798	-1.3315616235372312
799	0.6672111367810352
800	0.9242517914161914
801	-2.0228883838445997
802	0.7763443202604288
803	0.2509880863320193
804	0.3827561887316969
805	-0.11828859953481863
806	-0.30705832030783997
807	0.8041682587212605
808	0.08626526571501188
809	0.7152615542381455
810	-0.6591703978600776
811	1.8218047222230704
812	-1.5679238325808666
813	-0.8915179634090492
814	0.2916903486500808
815	-1.0750417675726478
816	-1.1710563889559555
817	0.6923617580124464
818	0.038662214042351824
819	-1.5338488162756567
820	-0.29543024674748086
821	-0.4158107130594049
822	-0.5203386230673578
823	0.7993199324033503
824	0.9903273698705694
825	0.2736062463124704
826	0.182150216163709
827	1.1691375356314992
828	0.17088788171102684
829	0.0855868356426535
830	-1.1220955117396239
831	-0.3840759698096405
832	2.0839251987592204
833	0.42041032906826314
834	-0.3985598153566711
835	1.6222824649105898
836	0.0685028617411954
837	-2.4876009652564335
838	0.3724654430496021
839	0.8787935553582544
840	-1.0795219939114398
841	-0.6256154049219492
842	-0.4082318805258512
843	-0.5169784052185504
844	-0.7958147453249251
845	-0.7466317963435989
846	1.0306992228645568
847	-0.36682871753472507
848	-0.8799181323297134
849	-1.520008988949372
850	-1.2765306737574107
851	1.5317531518167138
852	0.02573191448791257
853	-1.3032286700846607
854	0.7936444714695918
855	1.4198920697928796
856	-1.1472724973025374
857	0.742947691112819
858	-0.07761348825533837
859	0.8120118260245771
860	-1.310068825414842
861	1.7925407133535793
862	1.7299333683550242
863	-0.3940145741252907
864	0.2938691497334856
865	-0.18898982127957384
866	0.20396506533327716
867	0.5670174245223026
868	-0.6842474845469079
869	-1.3829812830419586
870	0.8749555866548362
871	1.0032442662821586
872	-0.24608729354382666
873	1.3611909594670857
874	1.6629923513785547
875	-0.19682994851539617
876	-0.7349816156078619
877	0.6693560662774666
878	-0.401496962318316
879	-0.4862421710259816
880	-1.3812753510942566
881	0.8993291745570169
882	0.3244792025744491
883	-0.2798710924037824
884	0.2650047471356252
885	2.16051609822187
886	-0.1904967772843278
887	-0.16523194681747552
888	0.3933843206441535
889	-0.081243443414539
890	-0.1978300897205698
891	0.13938841408484165
892	1.3635696482298767
893	-0.017624551683494152
894	-1.1002377278972608
895	1.641241964329728
896	-0.619108190601278
897	0.051876101783418664
898	-0.8415147538573805
899	0.34749922078263484
900	-1.0771592136008845
901	0.5468731462641772
902	0.657468932983686
903	-1.3554977528447354
904	1.2853200775458185
905	1.5592660848381772
906	-1.4015170075421222
907	1.4807651168025973
908	-0.1620000728100752
909	1.263230127080917
910	-0.04104929499870367
911	-1.362509743857354
912	-1.8959171677119426
913	-0.514430059367578
914	0.3278013968549329
915	-1.6461516070050308
916	0.9339284052060738
917	1.4722478074707634
918	-1.6416936536634876
919	-0.19956072862710483
920	2.446668579190067
921	-0.1936364058482496
922	-2.1517201926089475
923	0.9354485237729836
924	0.3029326506122902
925	-0.43894474524810445
926	-0.7300750444415274
927	0.5111290342526793
928	-0.2901610139477847
929	1.060799930452862
930	1.905194647085925
931	-0.5588495814144109
932	1.187773998280413
933	0.6129231228908674
934	-1.3966213245462895
935	0.08713653629185202
936	-1.2914657969412642
937	0.4081648219769219
938	2.2451600227621014
939	-0.07812063620581164
940	-0.6173574670658171
941	0.9491682315682516
942	0.5701361888425049
943	1.1174705807946155
944	-0.2092074755783469
945	0.4583766733268339
946	0.8945745559861598
947	0.5608687258508898
948	1.0220563476617894
949	0.09606797397034186
950	-0.47445886561823636
951	-2.188804962168039
952	1.5542415713400333
953	1.3006261333993105
954	1.014003793182863
955	1.7418107722998855
956	-0.13110337710837006
957	-0.03763639725085027
958	-1.3653925899555848
959	0.3507426222374956
960	1.3151150990280445
961	1.0638076228883648
962	0.07336914636073681
963	-0.44844905591470263
964	0.6812766585152179
965	-0.015014117597565104
966	-0.08604994559995265
967	-0.23296916248641727
968	-0.21977792845268
969	0.12404833191987566
970	-0.3208704501438986
971	-1.4876702249714486
972	0.44273451825946486
973	-1.7897460459343213
974	0.010872106126154076
975	0.6442019433382484
976	0.28985478991112457
977	-0.1731861356863431
978	-0.4906343692118154
979	-0.6973201447968568
980	-1.8836718856709855
981	-0.1457057037850335
982	-0.4358407268692338
983	-0.6367859855990828
984	0.18991136641344275
985	-1.55931128078664
986	-0.9071542223327066
987	-1.2091557193002047
988	0.9235846238727263
989	0.04916278585455634
990	0.319722605049183
991	0.25928981056372247
992	0.34525480892972144
993	-0.594595121162199
994	-0.8863678768885843
995	1.039185715156535
996	-0.39302418812413864
997	0.643668594151612
998	2.4504464628450067
999	0.06858708600467475
1000	-0.2522794441016649