1	0.27118249726431615
2	0.3019624885662493
3	0.1230994802497344
4	0.16032743404357744
5	0.20742707783073783
6	-0.07962026149599116
7	0.029834321015958867
8	-0.4980064870269205
9	-1.096497335429323
10	1.423102854533611
11	1.8492048869463227
12	-0.3046691128640436
13	-0.22505427764830252
14	-0.5351736010688533
15	-0.7324431962021222
16	-0.8372718658221034
17	0.061603823082010095
18	-0.04003896764085195
19	-0.10612355019495207
20	-0.12499053122772863
21	0.4119014939856941
22	-0.3362345276129051
23	-0.09697489673917674
24	0.17424638607821932
25	-0.7774681315261287
26	1.5900644085769815
27	0.9248651574517377
28	0.4386708705659699
29	-0.3089978414753927
30	0.25314292571038577
31	-0.13261375819735105
32	-0.14426131614485174
33	0.24809699474556154
34	0.3238342945301681
35	-0.13991387135732228
36	-0.1922609938447344
37	0.026607329763813515
38	0.2647676282671661
39	0.33187129935509385
40	-0.16495051711384875
41	-0.3431011309915017
42	-0.4392531625159906
43	0.5918855129221898
44	-0.35819421501520987
45	-0.23484549001486
46	0.33991487139919446
47	-0.13240815293419886
48	0.5111556906840696
49	0.9720429171207936
50	-0.20159487227605638
51	-0.09725234676973729
52	-0.10341751979769094
53	-0.01606831178887643
54	0.715588615465494
55	-0.8637066863489945
56	-0.0358339330756926
57	0.07201394137576446
58	-0.17944438296427273
59	0.845342943107117
60	0.19970036852135703
61	-0.467698153418131
62	0.1851666464981673
63	0.1668381310116779
64	-0.20456342368090547
65	-0.3038268866027025
66	-0.15470645163548644
67	-0.18183335991531466
68	0.6356590442250564
69	-0.6034223561518073
70	0.6816748131724556
71	-0.5571583340745045
72	-0.11668122250686222
73	0.02409576039189668
74	0.03953218528106005
75	0.18744023958356087
76	0.16071957269540332
77	0.24195551913878838
78	0.1977630346647523
79	-0.059734272443915576
80	-0.23159998487095176
81	0.05222479473497071
82	0.0409647041853138
83	0.17978479400164973
84	-0.23819029949953943
85	0.6760400419937695
86	-0.8363005570890492
87	-0.7051550531511701
88	0.5315262811699184
89	1.0004651615872857
90	0.4363026785623863
91	-0.2010045845251375
92	0.10157677056070136
93	-0.22164445520846635
94	0.14935313332336775
95	-0.18114430836527828
96	0.032628831556003705
97	-0.33948380098457576
98	-0.033106983426744584
99	-0.3805761206462404
100	0.9118104611050948
101	-1.3404230377470574
102	-0.6124729744218581
103	-0.26592310972519884
104	0.42786403919490335
105	0.13390536139969067
106	-0.07450986770190632
107	-0.6298862451573441
108	0.8215704595951485
109	-0.2965085157705219
110	-0.299831842291667
111	-0.2754823324450641
112	0.251340626197483
113	0.22281004260373505
114	-0.03882330404575742
115	0.42040021148401013
116	0.7357242361106014
117	1.2587911412404476
118	1.3821196759230645
119	0.070250860904665
120	0.43263034633227365
121	0.6061830654860288
122	1.8348729867863938
123	0.2649631851012317
124	-0.5549350167496551
125	0.9829053683490054
126	0.30060021060595016
127	1.0962941828148003
128	0.37649383801082625
129	-0.07785857554954607
130	-0.151123306812712
131	0.49407272059997626
132	0.6909386162950786
133	0.38434811416119075
134	-0.6193643985861917
135	0.5862239748308321
136	0.6738524959751035
137	-0.31627444628344603
138	-0.5541747140410326
139	-0.37200543014512677
140	-0.1394016626994657
141	0.31564970026081973
142	0.0039166969787745275
143	0.16764806739617363
144	-0.38071918589350945
145	-0.2066495051322934
146	0.140598552109853
147	-0.3620239239156273
148	0.30410163690104997
149	0.03078150348055983
150	-0.23025293890559542
151	-0.6369192091174933
152	0.3742879477942844
153	0.23707824359124222
154	0.04214921619410429
155	0.05150142347394368
156	-0.12297429793530155
157	0.5644542124068149
158	-0.30524878101138714
159	-0.04589265033586775
160	0.07042755276979626
161	-0.04733448724028845
162	-0.1597516105840494
163	0.18673920343896322
164	0.28487589617328585
165	-0.3892866115444699
166	-0.7291066673234035
167	0.9563837005718313
168	0.6706977516699425
169	1.0485772985577793
170	-0.48725450765885625
171	0.12351839736062724
172	0.5366626776476977
173	0.3327929895661731
174	-0.3772714287209832
175	-0.21610611615304998
176	-0.7337869412978284
177	0.5915544314434421
178	0.4215395264045091
179	-0.3867115173974378
180	-0.4459455367802438
181	0.08144787246898934
182	-0.392720722636338
183	-0.4187220118821589
184	0.5818877630054176
185	-0.4824998160646938
186	0.27527390641187005
187	0.8040726821409455
188	-0.2692489113701792
189	0.5466074307004084
190	1.1680406460277675
191	0.7392755311065504
192	-0.2781772820295239
193	0.37334190774293985
194	-0.3304484903132819
195	0.24000437639460648
196	-0.5716305225459244
197	-0.6309846840801616
198	-0.5802157878282799
199	1.242963706141149
200	0.8310007751522329
201	-1.1912802070642976
202	1.1957222940726906
203	-1.1340575225680636
204	0.8322409628983816
205	0.49007142390753694
206	-0.930027193161089
207	-1.136960537207466
208	0.31343389072788636
209	0.3129806798937554
210	-0.6728739738891768
211	0.4579563201481471
212	1.2126779753695862
213	0.8192071846019803
214	0.09788197584378236
215	0.24755739750611522
216	0.07448372016139027
217	-0.24168003935411145
218	0.028437602387660233
219	0.12162836353397148
220	-0.03974958313383454
221	0.10157465505694598
222	0.6378025979249825
223	-0.248983143777884
224	0.4014095227302149
225	0.413179101138622
226	-0.028555603335845163
227	-0.30243404435918364
228	0.26162786965346724
229	-0.3528682584946602
230	0.7214201876036694
231	-1.0751324069518744
232	-0.12256602303688266
233	-0.16773760490552342
234	0.2734613867657505
235	0.3032417885182944
236	-0.10353722086034016
237	0.3368275991915027
238	0.681008508411438
239	-0.6312948600809178
240	0.9737528619159731
241	0.8629185563287275
242	0.8463344868644038
243	-0.05735056929481075
244	-0.13707966986664
245	-0.2552649988846488
246	-0.03621639044407009
247	-0.49433696584421377
248	0.07907048776852751
249	-0.26102059409379896
250	-0.015391877291113555
251	-0.36275208161945655
252	0.32736832906528307
253	-0.33263173957973596
254	-0.9522239573357764
255	-0.523119472414776
256	0.22250867667790436
257	-0.5659218622452142
258	0.7913223455864142
259	0.018432529375134576
260	-0.05204383989909743
261	0.03428279867626831
262	0.2294861185091367
263	0.2855835366201988
264	0.49070608087097556
265	0.2755170590231261
266	-0.7433726970795568
267	0.9446425871558597
268	0.030874324352411723
269	0.3955664708996742
270	0.3358675537966739
271	0.3147103910095341
272	0.6706945857394114
273	0.1801298410452267
274	-0.47862490032143573
275	0.8685929430847918
276	-1.3330923232730632
277	1.0563915215265922
278	-1.0168773841476986
279	1.3996289440407546
280	0.5133067708868415
281	-0.7262199410121891
282	-0.1129870291062989
283	0.1148107061307636
284	-0.24083620782538892
285	0.6647359362901141
286	-0.8579689382602351
287	0.21995660000493103
288	0.21002837786259257
289	-0.06653263650916748
290	-0.23031910650006432
291	0.20924242130680643
292	0.021837245050961962
293	0.2006624293999572
294	-0.07736527071026458
295	0.11393605583154634
296	-0.5670699080163244
297	-0.024132481183200726
298	0.037227568439880294
299	0.1811762082814475
300	-0.9430359177368353
301	1.2047169191533098
302	-0.7216731052131689
303	0.04467393502980499
304	-0.2523468122247462
305	0.9505135508622937
306	0.37037931125774515
307	-0.9030866968065989
308	0.09970456996220092
309	-0.07785369670409296
310	0.11730606067838809
311	-0.15963148993616535
312	-0.6605327448888032
313	-1.4222069027676323
314	-1.043546878942294
315	2.03741396895627
316	-1.0640087467413337
317	-1.3359827998699483
318	0.22842924155138433
319	-0.6492438656623574
320	-0.12054076124837998
321	-0.2238602993309951
322	-0.0017512133152045662
323	-0.30215039302146085
324	-0.5763148025119087
325	-0.4281232071425786
326	-0.10756778092270361
327	0.4575862541855443
328	-0.01767132871086698
329	0.21416548127814092
330	0.33830885047485676
331	0.5860579028493357
332	-0.1584210505933877
333	-0.45953618353301656
334	-0.16777076955045847
335	0.09109667492895474
336	0.05077435476156182
337	-0.09649078771697223
338	0.04381527940129779
339	-0.1884795717275534
340	-0.35767803370937257
341	0.4074488381227992
342	-0.36473019154740116
343	0.23809302432113477
344	0.2717195164147239
345	-0.19513697679749664
346	0.11064893412555789
347	0.05317561711656354
348	0.11236352636699169
349	0.044943401058103766
350	0.5661583408739852
351	0.35091407055951845
352	-0.11648673443283086
353	0.07822479205595155
354	0.32040082050589064
355	-0.36456544084328757
356	0.040797942557173554
357	0.3733676674832088
358	0.41658938235915016
359	0.8779051149547428
360	-0.3711737147733682
361	-0.5357275335248235
362	0.7549690031896829
363	0.08165342949162455
364	-0.23832497337357855
365	-0.0007850542520338697
366	-0.3713095703466075
367	-0.14453675429547203
368	0.42232986163950736
369	0.2201692989936702
370	0.7747327750095042
371	0.7678549343110128
372	0.6080089681210891
373	-0.46569182896379135
374	-0.3118873492195762
375	-0.0782008832836706
376	0.2855833950104655
377	-0.5538155266436559
378	0.866712538935535
379	-0.6180349779815033
380	1.3405619719193207
381	-0.17950216790317433
382	-0.4288449185813131
383	0.28882763897234504
384	0.5718242176090814
385	-0.626442563464349
386	-0.16853140901859315
387	0.35969811428550297
388	-0.48623469473260317
389	0.4882604840759368
390	0.46175804839256857
391	-1.113978273138231
392	-1.7734605386632794
393	-2.7128232097654186
394	0.8053761433278889
395	0.6695182946121856
396	-0.7151663769060732
397	0.7030443504342916
398	-0.2971466830978591
399	-0.4182549335170191
400	0.289683352802645
401	-0.24418129699645102
402	0.19303472014652162
403	0.09692742250723368
404	0.26773750524909884
405	-0.0827572817760332
406	-0.03203634463440992
407	0.17195938559715504
408	-0.06630318473652992
409	0.34879985821720133
410	-0.2003738268663347
411	0.3165387582503789
412	-0.030490807183178016
413	0.5181488442873741
414	-0.06402307946510662
415	-0.16969268036822074
416	-0.09197043034915495
417	0.2794246478463344
418	0.12908688537994842
419	-0.5366207424250943
420	-1.4942774286033604
421	1.7138770073155871
422	0.7850020711225791
423	-1.2811056755058685
424	-0.19916249605797312
425	-0.5546580248555321
426	0.9218248244229608
427	1.2085745823049443
428	-0.41555740047131035
429	-0.6256973833595052
430	-0.807242002893723
431	1.3866346151484668
432	1.4996397466334361
433	-2.299027006299628
434	-1.3751732311422917
435	3.684544792708243
436	-6.317799502270092
437	2.119498104271278
438	-2.6904693769711625
439	-5.701087184647677
440	1.1151088511685239
441	1.2301586259631527
442	0.20689799704983408
443	-0.6106999460724857
444	-1.9029129681449974
445	-1.9192222755690822
446	0.8236837730391842
447	0.2665771698195983
448	0.3115057748003861
449	-0.44948718435023804
450	-0.1560084336630593
451	-0.12918781037092264
452	0.2826701245199543
453	-0.27929479808636304
454	0.27893911205851485
455	-0.1512564588746271
456	-0.12250016396259221
457	-0.4484642192808619
458	0.048001357464392276
459	0.33054769042741244
460	-0.6228923510455965
461	-0.9359239089709631
462	-0.6634875912989738
463	0.8328861621472455
464	0.2122267197286781
465	-0.20912644256129287
466	-0.24361590106263104
467	0.2897814703231706
468	-0.6217418276607626
469	-0.7464885507123813
470	0.9434994819626892
471	0.14195880242717782
472	0.06079965237625254
473	-0.10523041887909163
474	-0.1356263330916082
475	-0.2692218721018922
476	-0.10172845190643597
477	0.2025481903880538
478	-0.1304507563176312
479	0.24626778224991028
480	-0.1923078527146412
481	-0.07639380148548697
482	0.1426688251453619
483	-0.11566984932966747
484	-0.19551078170085356
485	-0.10518173317372811
486	0.24374510300761484
487	-0.21345193990755576
488	-0.007601861524222482
489	0.009632255297979439
490	-0.15564547818215013
491	0.01669862569732505
492	-0.07236185803767761
493	0.487160816314995
494	0.2558258791519232
495	-0.4801363782232755
496	0.035412246520802305
497	-0.3481407691620374
498	-0.25822634816950724
499	-0.005480015473257952
500	0.31070201150137416
501	0.6029514933762339
502	0.5224346013287997
503	-0.3960509268198561
504	0.06102767454048338
505	0.031544375510458834
506	0.3805550090105155
507	0.7993714162360722
508	2.098079436130798
509	0.15950208500713173
510	0.2284863407755704
511	0.3656857935343441
512	-0.02664315570989147
513	-0.846887356893171
514	-0.18878259370220674
515	-0.2776419958813899
516	0.17898718466393712
517	0.3243621412324001
518	-0.1837458602197188
519	0.1500474854387277
520	-0.4608639256725384
521	0.16567390270070248
522	-0.7905780337887647
523	-1.4407755725134692
524	-1.7853662574500675
525	-0.4674890005875238
526	0.09492380027567728
527	-0.4397040616291805
528	-0.35985845018498464
529	0.41139475462430297
530	-0.29779569491203467
531	-0.5883762228364207
532	0.4442027922852635
533	-0.4095663690962859
534	0.14927244003233187
535	0.2249875624108203
536	-0.17845119779983548
537	-0.13114090008507884
538	0.15550287671524254
539	0.23756158031497263
540	-0.0812178865789303
541	0.1987440123394793
542	-0.06001298984848118
543	-0.01199879032813206
544	0.14065374198791297
545	-0.17217244925190675
546	1.021466417478889
547	-0.23813288077723052
548	-0.19294742055895997
549	0.042533950912188014
550	0.14036421087895615
551	-0.15996315748488352
552	-0.21683762252083436
553	-0.37585246629490926
554	0.5747848167077754
555	1.2716567594113724
556	-0.8661937352385094
557	-0.2259055132274775
558	0.3520018547054262
559	0.08740219231937163
560	0.18436825729796347
561	0.41857878796824094
562	0.024315040553284335
563	-0.4672270625941832
564	0.4186666297119139
565	0.23257914047775685
566	-0.4825595265714053
567	-0.5805948220817694
568	-0.35211149278901815
569	-0.4185520696675882
570	1.470875488648303
571	-0.11490263172681679
572	-0.15581488902869722
573	-0.21000969220892676
574	-0.12245732992255523
575	0.35211687930980246
576	0.2768416443591764
577	0.602216492151986
578	0.7228132737485693
579	-0.26624513847189035
580	0.10906299461980565
581	0.16023892964282124
582	0.10221479247193722
583	0.32389862013045045
584	-0.44462329557147945
585	0.44686903909433495
586	0.20826472987133413
587	-0.20267799869851796
588	-0.17599277341694636
589	0.016526694597066217
590	0.049193677718234165
591	-0.27706868910473936
592	0.580411286180206
593	0.6606320788911169
594	-0.3519484325855009
595	0.9385186425501977
596	0.5702819934849099
597	0.7245740991590797
598	0.42468720119004577
599	0.381904311727581
600	-0.24940573569171218
601	0.47175847438575574
602	0.06419494883533476
603	-0.002406421991481752
604	0.0884997288563369
605	0.21025502361634818
606	0.08966518575933931
607	-0.36432945321156435
608	0.37073252109756405
609	-0.8107191743035159
610	-0.6194741373716687
611	-0.20660699622575115
612	0.4201444994047068
613	-0.7733298193238556
614	0.08988780009402353
615	0.1682216648868603
616	0.018758708738316317
617	0.07346694239179816
618	0.05744404976152445
619	-0.12814059540308723
620	0.09076391967297198
621	0.5595283072929463
622	-0.044528466408113046
623	0.044915171845276394
624	0.3273285888063611
625	-0.07914892621207821
626	-0.27983903423393136
627	-0.10812799471182984
628	-0.40855293828818856
629	0.18364265312827177
630	0.1486592459572826
631	-0.03220102911506953
632	-0.3012162808707966
633	1.1624335891330382
634	0.5361470375344218
635	0.26956191939930463
636	0.43588588968859776
637	0.023675236853276455
638	0.054991678081254304
639	0.010740536149148657
640	-0.02280411024484924
641	0.3972576138348277
642	0.23146711777846435
643	0.2929361237481923
644	0.42287031105827233
645	-0.10556169089893931
646	0.10576584017182405
647	-0.0786881953403962
648	0.3094505942478692
649	0.5396388893411099
650	-0.9252048822459914
651	0.4352173176937667
652	-0.09092170937698843
653	-0.17358099127929014
654	-0.5502616729126011
655	0.4444104971956323
656	-0.9450360705316073
657	0.5629542995336256
658	0.41417767560262964
659	0.1398303500575648
660	1.1594487220789156
661	-0.728104245011238
662	0.12664399410294142
663	-0.23911942031374978
664	0.03220015047731844
665	0.21557603114676005
666	-0.2942818348697217
667	0.29051233725431524
668	-0.28567861681762424
669	0.16210094296159883
670	0.4294665958897855
671	-0.04908253268732414
672	0.10891604312528556
673	0.5041783767286467
674	-0.41056237076293695
675	0.21299688492122418
676	0.11118094806746
677	0.1372178454868256
678	0.0917408184694565
679	-0.28353304478481506
680	0.4240201544099689
681	-0.4348832556228554
682	-0.12502081571139873
683	-0.22890368550100473
684	-0.32574303978203445
685	-0.5081503894744182
686	0.6525455753585524
687	0.07405182365606072
688	0.1956638223704681
689	0.14947859718409964
690	0.4895789427529849
691	-0.27932568248493594
692	-0.14503970979287212
693	0.10501359732379774
694	0.08528576855030254
695	-0.10232915625101802
696	0.20230409576209774
697	-0.482244989256573
698	0.15627126378570613
699	0.23619789098680602
700	-0.3430786467479753
701	0.0034824669868573515
702	0.6617359431997443
703	1.3889401940701505
704	1.850274084230587
705	1.8075877877562396
706	-2.4720509561811492
707	-0.8230406296842226
708	0.37724216297815577
709	-0.39065694918962346
710	-0.8844971696193943
711	0.5190743035235396
712	0.055743724946507256
713	0.2899013478568367
714	0.6795489314740636
715	-0.2109853693833472
716	-0.16820428599960524
717	0.2221965267024296
718	-0.2516964449154143
719	0.426738676229304
720	0.6073770303694731
721	0.9347102943782957
722	0.6829591077292209
723	0.4548269273060619
724	-0.49200118434728274
725	0.27344139348650814
726	0.19639735353595889
727	0.2164474822652911
728	-0.6664051977456271
729	-0.38424940577050154
730	0.17432389057991676
731	-0.5254702191308029
732	-0.1414303610204129
733	-0.016523756081888125
734	0.1538295812249241
735	0.735060633789085
736	-0.025529402288597142
737	0.24863928626870888
738	-0.4149989214960699
739	-0.05457636925203167
740	0.19194554149290177
741	0.024557693456511348
742	0.012052752454063656
743	0.14807724205057138
744	0.29910177587403014
745	-0.0931611830990867
746	0.2763293729323071
747	0.0758021858604655
748	-0.06418616179308113
749	-0.8607678720651285
750	0.3339182476536547
751	-0.19343372326206718
752	0.2030063368691547
753	-0.03911699210703597
754	0.6246656048328169
755	0.44264342091596526
756	-0.021443030544342233
757	0.24242854548801876
758	0.38397613326419744
759	-0.04767200917926321
760	0.10922956275755547
761	0.13657530238146912
762	0.10434693145307898
763	-0.15566878575657492
764	-0.23763691608068502
765	0.1725082070852577
766	0.37878733022778005
767	-0.173147078545845
768	-0.09642852377103132
769	0.3336490169698802
770	0.41455634521409207
771	-0.5242196466595225
772	-0.7044863943409764
773	0.025016017269147785
774	0.06858775970542356
775	-0.19670457055682708
776	-0.4737130120145815
777	0.21463425692878
778	0.16471995392099803
779	0.22200590770577155
780	0.6127740500915582
781	0.23645900371546363
782	0.19921997410204392
783	0.4606207817214556
784	0.550264651233026
785	-0.1359405098833493
786	0.629712645968238
787	1.329134354497781
788	-0.8129630729772519
789	0.4191184841274223
790	0.7918210656156174
791	-1.7607323200340297
792	-1.1541171443926797
793	-0.21775461340411517
794	-0.3539887690945406
795	0.8467137367776301
796	-0.23452239004705752
797	0.19807450742932475
798	-0.4898086753074317
799	0.37501853250882333
800	0.4399428913286381
801	-1.0592573988173153
802	0.8178645051916413
803	0.21029328756520754
804	0.14311240082821727
805	-0.04070795958994774
806	-0.09782177597668644
807	0.26502461492927853
808	0.034850979643102624
809	0.22741845633793936
810	-0.25234024235719743
811	0.7225655984382484
812	-1.183643282478832
813	-1.0400275537274164
814	0.3022187333286583
815	-0.45888362354055584
816	-0.6301075222042409
817	0.4682187907827649
818	0.0210808696584815
819	-0.48601461745393465
820	-0.1651740938942243
821	-0.1467489223052813
822	-0.17978563241983175
823	0.2871890847360412
824	0.41337101152610267
825	0.13783565631396097
826	0.062331261387000424
827	0.37612204355684353
828	0.08147625472064753
829	0.027861708492728007
830	-0.356075131715007
831	-0.17771994446451087
832	0.7468072133315528
833	0.32617689542473155
834	-0.17633838888545506
835	0.5803730078048367
836	0.043495247048220734
837	-0.7933171762509735
838	0.30405979312439574
839	0.3761473786523685
840	-0.5147160022691367
841	-0.36395511930809626
842	-0.1911366758177666
843	-0.18845256742673192
844	-0.2890932568478686
845	-0.3125324537480428
846	0.4467922198289416
847	-0.19398995786977868
848	-0.32194531080488464
849	-0.6682577463070101
850	-0.9043673195621363
851	1.4006056526054174
852	0.03514575032557601
853	-0.41440151521687196
854	0.40042156128292244
855	0.701811275910347
856	-0.8456302378307885
857	0.6406524784630995
858	-0.05317470169945049
859	0.2600274295086993
860	-0.525422269148133
861	1.0581483448488747
862	1.8207169655502222
863	-0.6918865901274921
864	0.2141087040723759
865	-0.07103058255654822
866	0.06594755788489695
867	0.18278215632096928
868	-0.24677381973046533
869	-0.5441422175454029
870	0.5296782523082985
871	0.5956459386255534
872	-0.1593526247637951
873	0.4771045830596319
874	0.9182156283099677
875	-0.1824060361839691
876	-0.26494508752053814
877	0.2703869686990043
878	-0.16348283920332582
879	-0.17126079823432588
880	-0.4910763831652727
881	0.5063793589352485
882	0.1866187203318842
883	-0.10142919617650699
884	0.08759563201533489
885	0.7064117717931722
886	-0.1411625892387369
887	-0.056743207614819366
888	0.12618859851644046
889	-0.027470762538132354
890	-0.0627714527140083
891	0.044853240204361655
892	0.4350847808295828
893	-0.009164239646506171
894	-0.348057183699919
895	0.7503714875079409
896	-0.48224976681444626
897	0.028851151979272918
898	-0.2671052536617333
899	0.1408168270997613
900	-0.3697755026069951
901	0.2582842733258088
902	0.2630201892424281
903	-0.5460177443581549
904	0.78005464446154
905	1.2548331007322846
906	-1.726282980843905
907	2.469837930539603
908	-0.3830227666014855
909	0.6084991398671112
910	-0.02701917117502341
911	-0.4322765504397248
912	-0.9818155180435644
913	-0.5060186618748024
914	0.1884357419968258
915	-0.5979796695966202
916	0.6065659845655661
917	0.9666852023890771
918	-1.5925547566337332
919	-0.3080359049323947
920	1.0534819270656173
921	-0.20298062695936206
922	-0.7966626588168734
923	0.7663854372215502
924	0.2401803148131891
925	-0.17108595746494323
926	-0.2595038003070273
927	0.20483970351843608
928	-0.1076975801030686
929	0.352528718925217
930	0.8769047163329751
931	-0.4973653564189374
932	0.6746672033445715
933	0.4375679817353004
934	-0.7288157881033575
935	0.06624985798273186
936	-0.41638535547098704
937	0.20653264531360183
938	0.8352181178905156
939	-0.06664703900423825
940	-0.19908954676581453
941	0.3496148577284428
942	0.2612738858474473
943	0.4489918907694645
944	-0.11098537347401471
945	0.15277494268833328
946	0.31118617168712376
947	0.24263854612869667
948	0.39976139473757977
949	0.04743737484255125
950	-0.1515487823286056
951	-0.7603390834823751
952	1.224111001495629
953	1.5654066037731025
954	1.5396331380401025
955	2.6030738043194437
956	-0.32640249135793725
957	-0.01665744287171136
958	-0.43231383388426453
959	0.1816446316485884
960	0.4736154646026369
961	0.5844947175804305
962	0.04683404204213434
963	-0.14320494739647188
964	0.2344788498485558
965	-0.005804899374957726
966	-0.02721550797134481
967	-0.07391646214682418
968	-0.0711881300277639
969	0.040112131516168256
970	-0.10220017743403853
971	-0.49205778046452486
972	0.24962877194515593
973	-0.7070812367487498
974	0.008062731383570372
975	0.20377412619618498
976	0.10743080000326687
977	-0.05754035772767221
978	-0.1574468574857131
979	-0.24387326454228486
980	-0.7380695481941411
981	-0.11194446919511467
982	-0.1453895731940372
983	-0.21969053303839373
984	0.0719254137062448
985	-0.504446089073243
986	-0.5203454894433854
987	-0.7088617891104639
988	0.6863399215569035
989	0.03558639481145687
990	0.10167970693554021
991	0.08572455498582933
992	0.11273181721841737
993	-0.19848936773756493
994	-0.32622459483995464
995	0.45980913369156867
996	-0.2117528816629245
997	0.24114419540184787
998	0.9564135886411369
999	0.06590267017761475
1000	-0.08132201398193309