1	0.27118249726431615
2	0.5426876618263177
3	0.2321040995860391
4	0.3452429310953244
5	0.4421943480469008
6	-0.16527800049909266
7	0.06576649167863557
8	-1.1115387319444676
9	-2.0391055233328967
10	2.10202199076898
11	2.1950970072447613
12	-0.2915192972275863
13	-0.3869166007410927
14	-1.0634455163898153
15	-1.263980495410436
16	-1.2498911198016116
17	0.08155791075217714
18	-0.08833129769142532
19	-0.2365232518767466
20	-0.2736640693974783
21	0.8941150435587992
22	-0.634448741737831
23	-0.18079846227295865
24	0.38018162420959073
25	-1.6482565676809633
26	2.7010630730266834
27	1.22212565255677
28	0.5251909455652527
29	-0.472176699045033
30	0.45906964499120734
31	-0.2598489498587064
32	-0.3096826388722511
33	0.5329813844419302
34	0.658234836835299
35	-0.26864729217428546
36	-0.41045999407207984
37	0.055710074705342394
38	0.5910763857783399
39	0.6750011174150765
40	-0.31535599434873357
41	-0.7209935336152995
42	-0.8437628250218361
43	1.0468139447729383
44	-0.5689863253143005
45	-0.4115979956530995
46	0.6719227964840472
47	-0.249748611386235
48	1.0948701341336262
49	1.7605017122970619
50	-0.29605612053266206
51	-0.19406249938631343
52	-0.22613479560577154
53	-0.03518266898964092
54	1.5992377939521003
55	-1.5381550662203218
56	-0.05292908045625503
57	0.16032969479157294
58	-0.3972103019138133
59	1.7908886703351083
60	0.33599138241039267
61	-0.9464104605676544
62	0.3308647344938316
63	0.3435090779032927
64	-0.432503075813995
65	-0.6308715966120021
66	-0.3022920724716618
67	-0.38528831118456386
68	1.3372089440937711
69	-1.046320436717111
70	1.0667412986284068
71	-0.8002158408937284
72	-0.17155949790050787
73	0.051597127138038656
74	0.08828388196198791
75	0.41783113548452927
76	0.3394954044007115
77	0.5146578749907261
78	0.40248598261448537
79	-0.12382936597863903
80	-0.5136463083541863
81	0.10781346029424753
82	0.09102033258533364
83	0.4006586284884896
84	-0.5049983160323267
85	1.3778657765270264
86	-1.4079449714565775
87	-1.00819740516358
88	0.7212819382219321
89	1.4654738531740308
90	0.547119013131459
91	-0.3110341770799632
92	0.20369676010986762
93	-0.4838241503234476
94	0.30893623747871934
95	-0.3868803794450906
96	0.06873626219489401
97	-0.7572806205208434
98	-0.06505983323358593
99	-0.8486178232307318
100	1.7618737627344119
101	-2.0848604586057653
102	-0.7642223394076647
103	-0.3577499209224928
104	0.7943153452613052
105	0.23500366829928915
106	-0.15881272464457824
107	-1.3917731839769198
108	1.4726095406476052
109	-0.4437080241273204
110	-0.548035496881126
111	-0.522248677624616
112	0.4887358794036566
113	0.4427742119712572
114	-0.0789310548135077
115	0.936635746626499
116	1.4004348149196133
117	1.9989189954429782
118	1.7682203774999754
119	0.07481510511211684
120	0.9492424184046604
121	1.1406526989571204
122	2.998914833069902
123	0.3347736031761747
124	-1.0243628341057534
125	1.6200935462725512
126	0.4109966083742554
127	1.9682307129110053
128	0.5406716762825113
129	-0.13119498989572725
130	-0.33188456672064237
131	1.0601678012606348
132	1.2592961495917443
133	0.6004990113177653
134	-1.0584343297431522
135	0.9045718107344831
136	1.0042912173127605
137	-0.44440413582104366
138	-0.9836971224772586
139	-0.6014302712777505
140	-0.24273970139347417
141	0.6700741752209666
142	0.007654878704280885
143	0.3748575816712628
144	-0.812219681164988
145	-0.392142278398956
146	0.2870157553873433
147	-0.7759887330708577
148	0.5830058252663433
149	0.05885888380432668
150	-0.5135672107811534
151	-1.3173105984503979
152	0.6418314259500796
153	0.4189408294601604
154	0.08327149777178747
155	0.11464635823764234
156	-0.2735345281379556
157	1.227644878042978
158	-0.5495559732051583
159	-0.08635609354738294
160	0.15658977179702718
161	-0.10481889432297505
162	-0.3556049739865084
163	0.39965056929045634
164	0.598474326915772
165	-0.771187481423508
166	-1.3390766417354298
167	1.4860535664578458
168	0.8841063645191903
169	1.3928806874576738
170	-0.5659746620353978
171	0.1791914656543751
172	1.1431669279071304
173	0.5963416542051408
174	-0.6950970522011617
175	-0.38965752387370534
176	-1.4776008857853256
177	0.9760898188482413
178	0.6466251108021032
179	-0.6387109229423755
180	-0.7725112599739222
181	0.13778418155641223
182	-0.8611134223186647
183	-0.7995606235706781
184	1.0375656056026736
185	-0.7728010308814686
186	0.4421650587689797
187	1.5158153347753942
188	-0.418687918899649
189	1.030789604442475
190	1.9529335398949863
191	0.9953172396522347
192	-0.3607361289026899
193	0.6813752673571432
194	-0.5954957318299181
195	0.44358455448739986
196	-1.1347742185237404
197	-1.0750023719210844
198	-0.8897616918729118
199	1.85322673449743
200	1.0135512059702403
201	-1.4120057086373197
202	1.246579587716092
203	-1.0882381132033472
204	0.7755973345092633
205	0.5156283623547987
206	-1.315912452056427
207	-1.4176893935335362
208	0.34208222469750027
209	0.5388567545084239
210	-1.2459776002602274
211	0.7262357213417081
212	1.972183388715582
213	1.0735644763652936
214	0.12102638316245035
215	0.5350051936036091
216	0.15164259515475567
217	-0.5334360744520229
218	0.05834746501567391
219	0.27144580753864683
220	-0.08651941658526374
221	0.22637248708088237
222	1.398754660008781
223	-0.4434037718223135
224	0.7866362832036846
225	0.750968468275034
226	-0.05013891066891829
227	-0.6746415754088183
228	0.5226425522868559
229	-0.7003448144295289
230	1.3523929399993262
231	-1.6960276435664394
232	-0.1597947146061125
233	-0.35649545445006753
234	0.579890400204902
235	0.6059959780063343
236	-0.20024508755031822
237	0.7335496993643482
238	1.328427557002866
239	-1.0318856259523117
240	1.4608870254135293
241	1.1063323562658567
242	1.0169499326241358
243	-0.0670256398595361
244	-0.30275877752047436
245	-0.551558342875894
246	-0.0734265177224421
247	-1.1018623671384808
248	0.14708526663102656
249	-0.5740108965005317
250	-0.031244724484718763
251	-0.8106703558117713
252	0.6376040105955434
253	-0.629354299921623
254	-1.780829622425689
255	-0.7893381105869501
256	0.3406272886783872
257	-1.1118753363445275
258	1.3429184807739092
259	0.026789881287876915
260	-0.11623773528093895
261	0.07625101493459056
262	0.5119357190869644
263	0.590903080178105
264	0.9678586951274954
265	0.4817672113048338
266	-1.4221596747605698
267	1.5025420969051968
268	0.04146312976821116
269	0.8815003885028492
270	0.6451351928110693
271	0.5899190371084732
272	1.2660931266433004
273	0.28921892219500367
274	-0.9801432783829727
275	1.5542499799083709
276	-1.9738474890601738
277	1.267895093361371
278	-1.104876958942994
279	1.4527653541444299
280	0.4689915134702916
281	-0.9768379278450027
282	-0.147331478174489
283	0.24576134346252015
284	-0.5243212453224069
285	1.3603930343484316
286	-1.4519513292845168
287	0.31401764427884543
288	0.41085960791580783
289	-0.1360791372063274
290	-0.509701726547182
291	0.43204854050129343
292	0.04505149783086031
293	0.4481892090825058
294	-0.1624161377661707
295	0.251424073128554
296	-1.2371942011846468
297	-0.043500937540540956
298	0.0831045913321292
299	0.4040070859736046
300	-1.9981984863108417
301	2.005985698468837
302	-0.9645495528414921
303	0.05819752275747946
304	-0.5602105710762042
305	1.9423804482642766
306	0.5987621160811373
307	-1.5745058081041006
308	0.14399459291525102
309	-0.1685051523986776
310	0.2590308364248694
311	-0.34781798348596615
312	-1.4103983191802918
313	-2.477122718126782
314	-1.422433966577761
315	2.410327383589905
316	-1.0024368344000567
317	-1.2645434884051996
318	0.1993470144077586
319	-1.2211040016968109
320	-0.19430346052220504
321	-0.4795368509163418
322	-0.003605221348493997
323	-0.6756238852008579
324	-1.1522912945047943
325	-0.7312716445166471
326	-0.1830613249868693
327	0.9899290025363108
328	-0.032737807793109044
329	0.47847323500665895
330	0.705541405644348
331	1.1256274147515017
332	-0.2636957834922229
333	-0.9597965955414453
334	-0.3053146335660611
335	0.1902432109882683
336	0.11148297433684119
337	-0.21462102658812013
338	0.09625336424352685
339	-0.4197899184344375
340	-0.7550594677131368
341	0.7783285964765209
342	-0.6543983444139907
343	0.42923171997315385
344	0.5380333777246458
345	-0.38405385035712386
346	0.22872710151216183
347	0.11576365982049364
348	0.2497721895781541
349	0.09815708748604261
350	1.2606454591728273
351	0.6405979443142128
352	-0.21304170346478496
353	0.16882929084920914
354	0.7073598589237957
355	-0.7198890184736964
356	0.07585083521802394
357	0.8310720122237795
358	0.8066521275125831
359	1.5757314944098633
360	-0.5498209096131593
361	-0.9134143629143238
362	1.2078883147658421
363	0.11564181440530075
364	-0.521056907906482
365	-0.0016102136155894376
366	-0.8302722136817359
367	-0.2806197404170412
368	0.8998812361962394
369	0.4103265790916857
370	1.562458863854476
371	1.2588374992869333
372	0.870375314357887
373	-0.6636524312727734
374	-0.48717455474824994
375	-0.14203216769947616
376	0.6279437785595235
377	-1.1104606334032723
378	1.4934788986678873
379	-0.8916217376666049
380	1.9064420689336468
381	-0.2085076296337244
382	-0.8624488319784436
383	0.5233931391427438
384	1.0906985638931117
385	-1.043869090743927
386	-0.25589694572007177
387	0.7409116242612306
388	-0.919764013680169
389	0.8387406653080656
390	0.7598328333422231
391	-1.8310883808002474
392	-2.3717891741188257
393	-2.884232944086068
394	0.6704510177266368
395	0.6892915698562933
396	-0.8656392819954826
397	0.8783892291616251
398	-0.37887729751365284
399	-0.7465545295695515
400	0.5038019339094207
401	-0.46147175601264967
402	0.38349496800663146
403	0.20087545617942923
404	0.5863521104346215
405	-0.1672465482023294
406	-0.07049041432745994
407	0.38369896456094954
408	-0.14112516951089416
409	0.7725342524541846
410	-0.3911699264552535
411	0.6513954868871557
412	-0.05900352991315608
413	1.1558057400314645
414	-0.11837751306890844
415	-0.3752351003856931
416	-0.19574816631273032
417	0.6137379758444665
418	0.2595453489289954
419	-1.156019821870581
420	-2.694888230354052
421	2.3983938817507813
422	0.870799415983008
423	-1.4846552222989036
424	-0.20073432895441207
425	-1.0859251085208261
426	1.5674119849839852
427	1.7085995949782822
428	-0.489109503087621
429	-0.9745367791075811
430	-1.1850563392929914
431	1.8349915717616283
432	1.637912496146525
433	-2.1406002236369432
434	-1.0424640460619288
435	2.8036627061521444
436	-3.788833011461809
437	0.9784887296565806
438	-1.3076679557220883
439	-2.580297766801845
440	0.40275240934243767
441	0.8493074387121982
442	0.15874664801535693
443	-1.1747662998692265
444	-3.145038683962913
445	-2.443691875485494
446	0.8321712323105462
447	0.29090953103270517
448	0.5665347258342134
449	-0.8439974257387179
450	-0.2719128109629194
451	-0.2711349544470728
452	0.6106341632199175
453	-0.5580972780623101
454	0.5475046757396973
455	-0.2957145264608423
456	-0.26011709406259353
457	-0.9725696414312346
458	0.08931787964408905
459	0.7344929341376143
460	-1.227113325615167
461	-1.563081835739203
462	-0.923647880833561
463	1.138143991422047
464	0.2671428259202139
465	-0.40828995246995103
466	-0.49842582959117
467	0.5845277748203295
468	-1.215306563738025
469	-1.2412943954479458
470	1.3711584607424865
471	0.17945079539488867
472	0.12707949193064877
473	-0.23334487175408117
474	-0.2969699987265268
475	-0.5816776694958411
476	-0.20472201159443093
477	0.4421719476130724
478	-0.2725654455349617
479	0.5315077634843712
480	-0.39167862629845196
481	-0.1589081772981996
482	0.3148569842763131
483	-0.2492892285851183
484	-0.42565531888884256
485	-0.2204859504949648
486	0.5322522912061955
487	-0.43645097868793553
488	-0.015618870282864752
489	0.02153540509980414
490	-0.34796931383544305
491	0.03582247756529198
492	-0.1617070364606113
493	1.078358331045406
494	0.4750727322745569
495	-0.9429218891695369
496	0.062066782599493546
497	-0.7755998968157016
498	-0.5053571340748867
499	-0.010853706850331957
500	0.6946978656724808
501	1.2008705553709227
502	0.8832516655431331
503	-0.6355470918347944
504	0.10411678421374815
505	0.06975717686619645
506	0.849220645681753
507	1.545117923467831
508	3.3232038535230832
509	0.19421143099601618
510	0.4694773096814422
511	0.7450898926640898
512	-0.05004930954746664
513	-1.8900401530031359
514	-0.3305896490011451
515	-0.568960787212536
516	0.35381622387344613
517	0.6778196132979609
518	-0.35573295008974953
519	0.3118690063439866
520	-0.9843447837509183
521	0.304643476349036
522	-1.6548668518791885
523	-2.4201259382256164
524	-2.3563482759542373
525	-0.4910965462960277
526	0.1372853879988667
527	-0.9544828838245805
528	-0.6720034851480504
529	0.7531615770218157
530	-0.5248027673211833
531	-1.1080377792714267
532	0.7307663341068511
533	-0.6808118532632386
534	0.2548887525642307
535	0.4738309961005497
536	-0.3659901774639667
537	-0.2752944955754305
538	0.3356113916864402
539	0.5077849723459941
540	-0.16586748729660478
541	0.4376725102348405
542	-0.1258169451360794
543	-0.02661374639814469
544	0.31441905497966527
545	-0.37182416823129855
546	2.1650912008359553
547	-0.39395855285352854
548	-0.3773220457825194
549	0.08797805625183776
550	0.3125420831668372
551	-0.3453792750796745
552	-0.4624724880603429
553	-0.7761800875922017
554	1.0795377659069878
555	2.0991482083285455
556	-1.1419156817040181
557	-0.27537594958068257
558	0.6758182535551626
559	0.16219092550299652
560	0.4039903913855866
561	0.8833480469525913
562	0.04519188745156444
563	-1.0430464416255214
564	0.7856368522402607
565	0.4119444683970321
566	-0.9570641767284217
567	-1.021334842928931
568	-0.56034405606431
569	-0.7375442892137559
570	2.5459563367566154
571	-0.15532749061302847
572	-0.33334196406805655
573	-0.4484258486124546
574	-0.2539033551484232
575	0.7625129698590769
576	0.5351748409477595
577	1.1749346055328238
578	1.2076328014365127
579	-0.3909059888952212
580	0.20459110520172683
581	0.347594638241257
582	0.2180833063113234
583	0.7087104757960907
584	-0.8739400061214038
585	0.7960233176653202
586	0.3558908012820633
587	-0.40796496168068536
588	-0.36315883189529985
589	0.03476780871476
590	0.10993183818831416
591	-0.6165981467133186
592	1.1725500497028054
593	1.1337316906748995
594	-0.5359307333599328
595	1.637265029362329
596	0.8187941571362382
597	1.0566983626545505
598	0.5774101249682057
599	0.6088380096436296
600	-0.42934296173064546
601	0.9191863580944944
602	0.11251092639081536
603	-0.005317167518293434
604	0.1978890504091141
605	0.4632136401411355
606	0.1868904121197796
607	-0.800321228350561
608	0.7167301076270673
609	-1.4912287339280754
610	-0.9457609943817916
611	-0.3013082737265637
612	0.8339838028948822
613	-1.3994652742113582
614	0.13684578321145258
615	0.3665666353634268
616	0.03988392233205617
617	0.16414796235928755
618	0.12711695602585193
619	-0.28464102948164416
620	0.19696355115985445
621	1.2303846490876367
622	-0.080796808095039
623	0.0998734813548592
624	0.7289822476533342
625	-0.1562690684606914
626	-0.6162004900546256
627	-0.21751071168023706
628	-0.8892949175229615
629	0.3473946886712439
630	0.3082188633652345
631	-0.06881304997344315
632	-0.6720045380223856
633	2.323527089261337
634	0.8359274657934413
635	0.4148018995036987
636	0.8204812983313202
637	0.04159774421186728
638	0.12276221536469537
639	0.02387415619899125
640	-0.05097961309531273
641	0.8873744426376821
642	0.4447875485768992
643	0.588849340045551
644	0.8242624604050631
645	-0.18936573019614258
646	0.22947076094850813
647	-0.17207108874219304
648	0.683339719555088
649	1.071088940663475
650	-1.5931424816106783
651	0.6204632281642313
652	-0.14548284365346068
653	-0.37840077496502844
654	-1.1668379915009763
655	0.7912174087292527
656	-1.6168490494685026
657	0.7960346905482995
658	0.6031097400110846
659	0.22893038149599
660	2.452619756498401
661	-1.1914772635756141
662	0.18336190641151157
663	-0.5081612218629368
664	0.06562558049737113
665	0.48084124459944816
666	-0.6131076323286652
667	0.5712213122303783
668	-0.5545982505583487
669	0.31471401832898643
670	0.9053713150643155
671	-0.09077637487910514
672	0.24193631093642648
673	1.102538786297736
674	-0.7536310731965054
675	0.3759062294422375
676	0.2238037416110602
677	0.2982650870781394
678	0.19795275717065677
679	-0.6231319613487017
680	0.8509501407621746
681	-0.7891229881479563
682	-0.21663911553823206
683	-0.49036195702560925
684	-0.6687439384270185
685	-0.9776277316698465
686	1.1192467827295542
687	0.1130563385993378
688	0.4298259687584615
689	0.31375272882404037
690	1.0469053936692025
691	-0.5089116895995597
692	-0.2789184588318619
693	0.22353615719082187
694	0.18638085995056652
695	-0.22549160587452233
696	0.44330513186215803
697	-1.008359034034791
698	0.2821638231946092
699	0.4968826936297247
700	-0.6989450548095558
701	0.006620447436088112
702	1.4796382316531667
703	2.4952186015598805
704	2.595427372498252
705	1.9932258622059396
706	-2.23546154709526
707	-0.6022715542431086
708	0.36964622207030384
709	-0.6166626450320769
710	-1.5082310102548264
711	0.7407110560796631
712	0.08381685143499563
713	0.6416024127911728
714	1.3622597964556662
715	-0.35110556534891174
716	-0.33682388807330266
717	0.46805742891471175
718	-0.5170622324064841
719	0.8572824348356801
720	1.1012068576419713
721	1.495784502529441
722	0.9229579349659606
723	0.6070442411842376
724	-0.7607706501076031
725	0.43091533491267503
726	0.36971471588994176
727	0.44458092359315415
728	-1.3677069732178786
729	-0.6512346772624781
730	0.3048206699375009
731	-1.0884965658544488
732	-0.25039760476593964
733	-0.03506337233659653
734	0.3437626762736685
735	1.578109962155473
736	-0.044046523206728166
737	0.5548883668682725
738	-0.8506672736054741
739	-0.10033229300397417
740	0.4256901218715659
741	0.05171917746048949
742	0.026913853060617457
743	0.3310143617449535
744	0.6438317195170009
745	-0.1844025666243008
746	0.6051199592426221
747	0.15252221546826544
748	-0.1415700140838955
749	-1.9088606290232755
750	0.5810455760658669
751	-0.3534162828819693
752	0.41641574389944386
753	-0.08092269419936497
754	1.3918100215789528
755	0.7985883623273746
756	-0.03691240232025198
757	0.5413369526002949
758	0.789587607849045
759	-0.08903796502651856
760	0.2427410760358226
761	0.2986352692195181
762	0.22532888935048895
763	-0.34051866715916124
764	-0.5086057731040622
765	0.35238460236233093
766	0.7975659068502076
767	-0.32716276107655834
768	-0.20132622235334532
769	0.7310563674044724
770	0.8115650954908342
771	-0.9459847036304218
772	-1.1635388025139435
773	0.036705151635321995
774	0.15303980049784943
775	-0.43583515541813567
776	-0.995135962056709
777	0.389641783242343
778	0.3323572647617928
779	0.46898312012048105
780	1.2596072560712013
781	0.40634756252367216
782	0.392186141519404
783	0.9496731667285
784	0.9947996923177773
785	-0.22215162475836042
786	1.33560893315016
787	2.319924330215563
788	-1.117121623316702
789	0.5330655618328856
790	1.2489131873061157
791	-2.4440134542906518
792	-1.2676227703586689
793	-0.2181437395907513
794	-0.6782580805308067
795	1.5683410380668275
796	-0.3573077717785363
797	0.3846651120394351
798	-1.008813815269582
799	0.6701579250747208
800	0.7867309331083122
801	-1.8200069456311851
802	1.1399877222018984
803	0.2691296930511452
804	0.28027984014687773
805	-0.08686591538937338
806	-0.21794065221429657
807	0.5819806657487433
808	0.0705769426052863
809	0.5070243680894212
810	-0.5225923762361945
811	1.4535117967305053
812	-1.9560428091022204
813	-1.3848840547263788
814	0.35232426117879717
815	-0.8059703582634191
816	-1.0635320523831562
817	0.7146938289010324
818	0.03360263861361659
819	-1.085207054840229
820	-0.3082736662425624
821	-0.3076764184715408
822	-0.3849564829413349
823	0.6056375692224436
824	0.8186829976797005
825	0.25003493388871584
826	0.13276473486497717
827	0.8339592012073955
828	0.15734162176124517
829	0.06126356828195578
830	-0.7949289328519594
831	-0.34693691077370253
832	1.5597210647106186
833	0.5507800357878921
834	-0.3217440172728578
835	1.2050398957711006
836	0.07585158819396495
837	-1.764052423589192
838	0.5340614788296768
839	0.7044673735317022
840	-0.9337316984982461
841	-0.6052412573382794
842	-0.33741753818601533
843	-0.38580768593442477
844	-0.6031539676134668
845	-0.6165467087336661
846	0.8562033532118657
847	-0.34147440650321853
848	-0.6574716165960144
849	-1.28630347643209
850	-1.4706654532710433
851	1.9262540050352182
852	0.03949012494733578
853	-0.9222400929449025
854	0.7634114786760939
855	1.2631442713325167
856	-1.3069678363385144
857	0.8645314447230282
858	-0.07254712182947494
859	0.5756880622895505
860	-1.0688976487532906
861	1.8553195515861465
862	2.578184255250876
863	-0.7704488307845625
864	0.26231763451610174
865	-0.1381572820204367
866	0.1455950179731711
867	0.40516914568247037
868	-0.5220413788566507
869	-1.103150692406757
870	0.9211876828379354
871	0.9645208186403447
872	-0.24176122275458586
873	0.9902364804878296
874	1.6548939352002008
875	-0.2691131850224971
876	-0.5382007722306972
877	0.5375016884696103
878	-0.32231330733510183
879	-0.3612432249842506
880	-1.0384842333408335
881	0.916797506107001
882	0.31127329538619286
883	-0.2072644386130407
884	0.19136926096875254
885	1.555438198670316
886	-0.24908457050150698
887	-0.12040654581546371
888	0.2801738443882178
889	-0.05965994823604472
890	-0.14013572738954494
891	0.09952557376087998
892	0.9689528893810675
893	-0.017353112921041455
894	-0.7781026870973284
895	1.4704666101775767
896	-0.7784866451013074
897	0.04648691344188968
898	-0.5956833933627793
899	0.2860109330653606
900	-0.7922073067602516
901	0.49333784147138676
902	0.51839710286274
903	-1.0796161179696486
904	1.3374652389930144
905	1.8412592970303174
906	-2.076477826445433
907	2.4131838262257657
908	-0.29922812780080416
909	0.9323705828015711
910	-0.03968550756458048
911	-0.9641982605966346
912	-1.8622878775369653
913	-0.76890656016884
914	0.2923886753632575
915	-1.2127407574661042
916	1.0380352999626297
917	1.5005077442241919
918	-2.093247443350046
919	-0.3273551777285618
920	1.8203949303292992
921	-0.28438318641279553
922	-1.5818244784876123
923	1.2378654059545977
924	0.34087063330929074
925	-0.32791740058949764
926	-0.543288134671651
927	0.4113178906641613
928	-0.2218529450638828
929	0.7683365655160704
930	1.6989065595317319
931	-0.7790174238213097
932	1.0646550951828946
933	0.6330475927377328
934	-1.1688098719187168
935	0.09477708741906105
936	-0.9172965712483165
937	0.3916503644286697
938	1.704984342691966
939	-0.10918699188700882
940	-0.43913209877938125
941	0.7330249334115373
942	0.4998578690957798
943	0.8833878435564464
944	-0.19738667570507343
945	0.3303750468822661
946	0.6661871166493425
947	0.47654129262192696
948	0.8005681982733401
949	0.08701736750350964
950	-0.3367608664119593
951	-1.6331241924843036
952	2.104575844815773
953	2.142925030661968
954	1.6955598392924018
955	2.424473950272623
956	-0.24312650162636976
957	-0.027388212068525913
958	-0.9658404009534558
959	0.34480405285038973
960	0.9836541539460338
961	1.0551490266385786
962	0.07541940473012254
963	-0.3180019396620926
964	0.505506645623253
965	-0.011895961986729734
966	-0.06085080521527001
967	-0.1650387831457254
968	-0.15750870967924493
969	0.08879681628434798
970	-0.22778241314546818
971	-1.0788865240661678
972	0.4605286207709276
973	-1.3932955199375372
974	0.013184580295890758
975	0.45555915306951944
976	0.22522427271321852
977	-0.12552864991728602
978	-0.34965357750248427
979	-0.5223522817087286
980	-1.5027239103596284
981	-0.18597263103787315
982	-0.3134700643809673
983	-0.4718802170675255
984	0.14848779414899943
985	-1.1146887091250655
986	-0.9605839993492244
987	-1.1855651959184441
988	1.0129085320795748
989	0.04948111297707763
990	0.22635461544609856
991	0.18798389774197163
992	0.24840812933178802
993	-0.43322010354912727
994	-0.683043982367006
995	0.8898698070116918
996	-0.3720123188620556
997	0.4856165302540305
998	1.9262312767255418
999	0.10525790545449973
1000	-0.17937398694855225