1	0.27118249726431615
2	0.7055766805216207
3	0.28116257402936573
4	0.4531751180630874
5	0.5671478948300446
6	-0.20639316022291776
7	0.08725977510375689
8	-1.4887003881595324
9	-2.0426267255955333
10	1.5022590677957293
11	1.4149348798854207
12	-0.17927314781409057
13	-0.4992477283375104
14	-1.3489329220289006
15	-1.2737323300838628
16	-1.1303380395218054
17	0.0730498668986016
18	-0.1181516965549217
19	-0.3163435253645055
20	-0.3592815643937893
21	1.1653048754195832
22	-0.6807368281984217
23	-0.2100284134217662
24	0.5031581377259864
25	-2.095896913245263
26	2.2929970464996603
27	0.7165228519816005
28	0.4587621719945127
29	-0.567367729126826
30	0.5668151356409269
31	-0.3224388737986986
32	-0.4044444495004309
33	0.6892446290685954
34	0.7996364756685944
35	-0.31157198988250845
36	-0.5346932082127478
37	0.07023450176847701
38	0.7920014011053907
39	0.8063159426880782
40	-0.3631265795744864
41	-0.9292624484630825
42	-0.9612886074167377
43	1.1271606226637318
44	-0.5632944856429143
45	-0.4883498584518378
46	0.844599508394913
47	-0.28893290031106095
48	1.4317427749348108
49	1.7649945814601906
50	-0.22761248422634545
51	-0.25036859028302844
52	-0.2988706228342394
53	-0.046267913350271014
54	2.144530949238138
55	-1.3449080802748612
56	-0.042417559762387536
57	0.21482565302172205
58	-0.5275407710093734
59	2.2672817858486822
60	0.27547089546144565
61	-1.2086841922829432
62	0.347589292989855
63	0.4404656536763083
64	-0.5546717866437331
65	-0.7900236823163708
66	-0.3547065740816793
67	-0.49825149341351954
68	1.697026654149989
69	-0.9658946338614316
70	1.0388274245623348
71	-0.7770284359335276
72	-0.1856449160093314
73	0.06835853460854456
74	0.11831860884368205
75	0.5588415173402809
76	0.4274995257857177
77	0.6604388838928845
78	0.491632336623231
79	-0.15617535879775712
80	-0.6848314736476018
81	0.13197605492374126
82	0.1215304209899844
83	0.5357660941259859
84	-0.6388751890485911
85	1.687129421089747
86	-1.2729351262725057
87	-0.8508518512223923
88	0.7083475013861207
89	1.638467551487775
90	0.47142496225139413
91	-0.37057838390249653
92	0.26293987116775297
93	-0.638494975939373
94	0.38146293320285685
95	-0.4999207315497911
96	0.08719309666815521
97	-1.0140349334007497
98	-0.0734532654197896
99	-1.1364788090329023
100	1.927291741850394
101	-1.6410681822685427
102	-0.5054277099709046
103	-0.38673278251718063
104	1.0117109376542701
105	0.26054457822428034
106	-0.2081998293678562
107	-1.848584108768613
108	1.3541325198297691
109	-0.3669170722806189
110	-0.6770868773629671
111	-0.6299024673824531
112	0.5938930034150849
113	0.5440695571943177
114	-0.0984094372343086
115	1.2534062654235179
116	1.486179314017043
117	1.7392147516726242
118	1.226858186085862
119	0.05338382614307794
120	1.2701940930487798
121	1.2053065270244208
122	2.8584330886129443
123	0.19624601536730682
124	-1.3060222403651613
125	1.6559899563182872
126	0.33082144387416146
127	2.457224556944046
128	0.42472050880107604
129	-0.15637838992368308
130	-0.4420860017455086
131	1.3645377336028977
132	1.2735743490450444
133	0.5442902519564269
134	-1.2372793730346126
135	0.9015566744926884
136	1.0433845872990035
137	-0.44541293676966287
138	-1.2192577109437688
139	-0.6209296245418332
140	-0.2849981953213842
141	0.877562326327433
142	0.008889330645091866
143	0.5029116941522606
144	-1.034610312897657
145	-0.43198386134159256
146	0.3621910443500774
147	-1.0079626377430588
148	0.6519016248355035
149	0.0698122488893225
150	-0.6880185094954914
151	-1.6129637879034462
152	0.5911433939187642
153	0.4821158872052947
154	0.10436529246980482
155	0.1533764294257258
156	-0.3650729933089657
157	1.600416425310569
158	-0.5277691705534184
159	-0.10309565456671942
160	0.20943178595753098
161	-0.13927437930785344
162	-0.4750056761091499
163	0.5114893031869456
164	0.756357906215002
165	-0.915589402824417
166	-1.487431416977565
167	1.3315408098454984
168	0.7245137659286947
169	1.4402872460047544
170	-0.4912361829626151
171	0.21201098054014636
172	1.513438569513931
173	0.5900092300758901
174	-0.8163057374963101
175	-0.4448723833992552
176	-1.8673339648169849
177	0.8645570224085604
178	0.6460852066336809
179	-0.7360856356947493
180	-0.8993766404900206
181	0.1527222643396567
182	-1.1459742252577652
183	-0.8701628527117475
184	1.1320456787198014
185	-0.7690261528888626
186	0.4845715169213407
187	1.8840770975123473
188	-0.36527301308175475
189	1.2850722845089244
190	1.9847517137307087
191	0.7297601375618498
192	-0.3530295247063514
193	0.8658540300498613
194	-0.6871925328993359
195	0.5245774843362261
196	-1.4128004289786122
197	-1.0540013339805228
198	-0.8617809574611632
199	1.93264794282223
200	0.7681437523148452
201	-1.3734228014708232
202	1.0630812612997185
203	-0.9692584349381096
204	0.7399124901064232
205	0.5630222280926043
206	-1.596558740729059
207	-1.3036400359560296
208	0.2884395774310664
209	0.687190555483098
210	-1.5097144534338378
211	0.6827362964084437
212	2.1956823060713813
213	0.8071990464396617
214	0.11460890345792495
215	0.7131048141637103
216	0.1843882412343586
217	-0.7089254098671818
218	0.07097108715310362
219	0.36366614942346565
220	-0.11284427892535248
221	0.30279415473320953
222	1.8396146046054027
223	-0.40584297053198465
224	0.9735820274149154
225	0.8325406117613993
226	-0.05582257111661801
227	-0.9041475761449723
228	0.6071098266542997
229	-0.8496169612066612
230	1.5446455408929471
231	-1.5216622312897488
232	-0.12209362718032102
233	-0.47268792743304267
234	0.7418705462601707
235	0.7245148727620139
236	-0.23636687291734743
237	0.967993550425464
238	1.5100424888157
239	-0.9321374276290146
240	1.4283276385525807
241	0.9285916692617988
242	0.9577203183005194
243	-0.0661844044198001
244	-0.4053828034202333
245	-0.7146817105666158
246	-0.08867494048139543
247	-1.474978350531313
248	0.14778152946924333
249	-0.7628427007006016
250	-0.03751248865947206
251	-1.0871828956613026
252	0.7067994280887641
253	-0.7314526217714206
254	-2.081335176110886
255	-0.6310829922147512
256	0.36656561463788545
257	-1.42256808633112
258	1.3334186828677315
259	0.02349146617453941
260	-0.15589813381138357
261	0.1017544033136048
262	0.6852396288814978
263	0.7238571523261175
264	1.1500141339972219
265	0.49740315219442877
266	-1.7424105649491481
267	1.3409010879675254
268	0.033759654641625766
269	1.1817163930320818
270	0.6978456596336964
271	0.6828249665882611
272	1.5004584240605963
273	0.2689107164995877
274	-1.2682928439140633
275	1.6168166450065788
276	-1.6277281844077243
277	0.8746372334738034
278	-0.9561980125908951
279	1.3727507282278588
280	0.3923431891397884
281	-1.1966573804821832
282	-0.1522327968749169
283	0.3266217973783124
284	-0.6871601308645177
285	1.6583047342982222
286	-1.318293491444103
287	0.26102181861109963
288	0.5278933294796988
289	-0.17146611041651127
290	-0.6786975938057208
291	0.529489670526978
292	0.056343314185364014
293	0.600805563760833
294	-0.20279437217485444
295	0.3337176883968215
296	-1.6196989437428944
297	-0.041693146232251135
298	0.11140192146834295
299	0.5405425861178196
300	-2.525697445194002
301	1.5744794620983857
302	-0.6520297409077187
303	0.05751018687503398
304	-0.7504696141246677
305	2.3435836564844346
306	0.4666064245006565
307	-1.8341661199472186
308	0.1213981566049786
309	-0.223948594304947
310	0.34364866536390704
311	-0.45469180688199545
312	-1.807637780342214
313	-2.244203975816493
314	-0.8921629593325932
315	1.9403160444614198
316	-0.6137848696680636
317	-1.2230110103693679
318	0.17915238216311344
319	-1.6095323088894036
320	-0.1874361008189382
321	-0.6327863018856579
322	-0.004457340492087876
323	-0.906439670465468
324	-1.3381928585231642
325	-0.7041241334834447
326	-0.20363723169720366
327	1.3094257521385275
328	-0.03405840792259177
329	0.6416368249659056
330	0.8731859627885341
331	1.2851797754931351
332	-0.2556219073395538
333	-1.24965093246716
334	-0.3201405428260492
335	0.24549976258527173
336	0.14742593817432992
337	-0.2865168141249058
338	0.12683675137428388
339	-0.5611171189875148
340	-0.9502529023310745
341	0.874168685200121
342	-0.7216552415063198
343	0.49561340633562684
344	0.6723148349365291
345	-0.4650095295024921
346	0.28989019077743855
347	0.1521085311137556
348	0.3333090779695587
349	0.1285525654391346
350	1.6847886066745736
351	0.6125817418529159
352	-0.24564352892358732
353	0.22227804090140127
354	0.9383451877136454
355	-0.8261756301094251
356	0.08566439634810287
357	1.112259568030886
358	0.8876860825149246
359	1.7159769278283776
360	-0.455354126640512
361	-1.0861606693765005
362	1.2725416049574174
363	0.10747324450728862
364	-0.6948886935750271
365	-0.0019665734153966313
366	-1.1139258610212248
367	-0.30898738130679626
368	1.1685652155587765
369	0.4391643418183448
370	1.9600142559183116
371	1.08751516865336
372	0.7725918126191158
373	-0.6935326175178531
374	-0.5589585668644287
375	-0.17425649476341545
376	0.8355096651426613
377	-1.309726957961572
378	1.4630584201253463
379	-0.7404833366364676
380	1.9663963431828644
381	-0.15537041951778857
382	-1.1342535141555863
383	0.5684953503712316
384	1.3195546589198628
385	-1.0339587772756524
386	-0.25120987263758987
387	0.9663771064885542
388	-1.0416750561381636
389	0.8767397360611447
390	0.813732305856748
391	-2.0267395743599037
392	-1.840624950233259
393	-1.7637566185314266
394	0.3418134526188721
395	0.7730903503161478
396	-0.9874627758639184
397	0.9380461626185224
398	-0.4001397152297699
399	-0.9449301776495396
400	0.5678638918327082
401	-0.5627411004723311
402	0.4753162300278022
403	0.25477228951071523
404	0.7740433414644077
405	-0.19990315748429954
406	-0.09348411659739778
407	0.5137612246212706
408	-0.17934666619167
409	1.0281261600202738
410	-0.4390248561131263
411	0.8225551480116964
412	-0.06877825135695491
413	1.5483906357711497
414	-0.11694007341438746
415	-0.5003196839089953
416	-0.24927920709330162
417	0.8108645736650102
418	0.30742914303625196
419	-1.509085209797598
420	-2.6478120083302183
421	1.4931030786077917
422	0.5022094970573298
423	-1.52306345683532
424	-0.16873091048711625
425	-1.4306844336995648
426	1.5782132251717345
427	1.3931366763360584
428	-0.3654612028363764
429	-1.1831987236787052
430	-1.2240057982845847
431	1.7147731545640608
432	1.2111968718711155
433	-1.6138942706895798
434	-0.6721879024183638
435	2.668490129686658
436	-2.2855176181084533
437	0.42115981405053265
438	-1.266273392316144
439	-2.2825699872620526
440	0.24535574036140131
441	1.0604900386405112
442	0.17217818923452435
443	-1.559184178467651
444	-3.0823982730584563
445	-1.4243670473701098
446	0.4680853892753506
447	0.3036349888909911
448	0.7335596046981017
449	-1.014243376997176
450	-0.29428818066789225
451	-0.3527053345264594
452	0.7961490653924003
453	-0.6611645571028552
454	0.6568154958136707
455	-0.35624114521279104
456	-0.3370091217680772
457	-1.2707596802681957
458	0.0932933297354472
459	0.981992818491812
460	-1.3961634862428278
461	-1.4612197279142998
462	-0.7428258981705865
463	1.1555857893593935
464	0.2535100559931415
465	-0.5311060611396983
466	-0.628721506993025
467	0.7171226804022304
468	-1.447322011479063
469	-1.1748650903023654
470	1.2394286143995952
471	0.15349707560442982
472	0.16803392952069618
473	-0.3110541189250023
474	-0.39008374699325393
475	-0.7544087502928162
476	-0.24481112441453645
477	0.5831138169348538
478	-0.3407077686569385
479	0.6924167442142068
480	-0.47621981451887246
481	-0.2009991364692317
482	0.4181257327212486
483	-0.3221009464000517
484	-0.5573028597338175
485	-0.27683815437132564
486	0.7003050215931991
487	-0.5307995188285871
488	-0.019503687449477274
489	0.028889864806529057
490	-0.46676324658405527
491	0.045937466893554844
492	-0.21683910402326464
493	1.4319425803120354
494	0.48023233578064445
495	-1.1572179903405306
496	0.06493652645232836
497	-1.03882120205224
498	-0.566962567073097
499	-0.013226536370882128
500	0.9319891553261489
501	1.3855630786764945
502	0.8352676604423133
503	-0.6633919442475186
504	0.12074039388247314
505	0.09316125386705149
506	1.1371349519430676
507	1.6898050831804345
508	2.7803423793907354
509	0.10236748314600867
510	0.6186768351170554
511	0.9239241235116952
512	-0.056340921956200204
513	-2.5330315449046323
514	-0.2714741836520759
515	-0.7277245819338781
516	0.4245532990309455
517	0.8658529329920485
518	-0.4111892097851397
519	0.3979014870978296
520	-1.2717889794103239
521	0.3163743633393545
522	-2.135645185257785
523	-2.0613176354155116
524	-1.4648027601706894
525	-0.2864409313374029
526	0.16607894093099393
527	-1.2706160125927288
528	-0.7082734555639604
529	0.8617492434792539
530	-0.5851663526744149
531	-1.3411365250901166
532	0.7195238620119532
533	-0.7583907266341706
534	0.29156912765736853
535	0.6189176891937844
536	-0.4530795440694648
537	-0.35077959943045856
538	0.43707752356363205
539	0.6526806441918257
540	-0.20306081912067336
541	0.5806101971112411
542	-0.15750809446222108
543	-0.03547558127542496
544	0.42171759798651975
545	-0.4805647784214309
546	2.757368269215452
547	-0.30101946235820354
548	-0.47336325010193975
549	0.11180132736330879
550	0.41799573412916946
551	-0.4465491945844338
552	-0.5929391110078106
553	-0.9634560217951441
554	1.2017002255190918
555	2.0616931176487054
556	-0.7994870540676203
557	-0.2518967106769027
558	0.8772422141659519
559	0.18784054427407818
560	0.5360663263673049
561	1.1162575849006717
562	0.04848487213718965
563	-1.3981493991239995
564	0.8047850193320332
565	0.44996614146448705
566	-1.200525345831855
567	-1.0662647782783892
568	-0.5581813670258488
569	-0.8780498957365833
570	2.8642780455827888
571	-0.10533516861685455
572	-0.4421981838337049
573	-0.5769183697083485
574	-0.31652150444124827
575	0.9970599703732131
576	0.6016704903601838
577	1.4175001801542253
578	1.1614443553594387
579	-0.35868340879596255
580	0.2574700511407779
581	0.4585626982459107
582	0.2795796144097959
583	0.9330251680337127
584	-1.0018274120816597
585	0.8478110907424503
586	0.3882020230359532
587	-0.5199588060990543
588	-0.45785661591958215
589	0.04435192220210377
590	0.14741608359388542
591	-0.8232915646419838
592	1.3885609807077661
593	1.0876205246453496
594	-0.5059221162240958
595	1.9634415052614806
596	0.6843307020940839
597	1.1250942070292278
598	0.5686905426599925
599	0.7199850806545632
600	-0.5059786637345974
601	1.1491936766212154
602	0.11900804121077523
603	-0.007094576751013981
604	0.265493010611899
605	0.6120267470911613
606	0.23220263158215726
607	-1.058625961671037
608	0.7961331443803132
609	-1.6824358186463517
610	-0.8102481369128669
611	-0.3042235369761015
612	1.0768261599897142
613	-1.5320108787639413
614	0.11985386154195288
615	0.48764821672223285
616	0.05090021061747501
617	0.22008432001254388
618	0.16874533306418502
619	-0.37943634186671044
620	0.25618360802123025
621	1.6255115050306295
622	-0.07776049150672665
623	0.13360395867628633
624	0.9741553145696488
625	-0.1781274308177989
626	-0.8182452001200341
627	-0.25751670745889865
628	-1.170141528740843
629	0.37383709824555844
630	0.3936407624914553
631	-0.08898299738313284
632	-0.899857205396641
633	2.701279694020275
634	0.5966061511830942
635	0.4353429611971584
636	1.027436864142707
637	0.04560545278101832
638	0.16457949473563482
639	0.03183968131587839
640	-0.06838069532279692
641	1.1893025261033279
642	0.4801430598305581
643	0.7310279947897194
644	0.9808097977529265
645	-0.20625818978403992
646	0.30320560830497195
647	-0.22615574614498507
648	0.906081800162695
649	1.2393954984211333
650	-1.578229461189846
651	0.500058830078311
652	-0.16814273973988186
653	-0.5031776199692144
654	-1.4846106743733967
655	0.7707326188500306
656	-1.7563916916280162
657	0.650972425201859
658	0.6478004358370436
659	0.2690727399888741
660	3.2204311372413583
661	-0.8854301027320144
662	0.1648954322936358
663	-0.6716020861464931
664	0.0804356412777988
665	0.6439628704590571
666	-0.7582089783735749
667	0.6738954148082056
668	-0.6621929090401749
669	0.3781364636802517
670	1.1678257948203437
671	-0.096883124699065
672	0.3234309827215961
673	1.44606313034244
674	-0.7540778861907188
675	0.41529052128707183
676	0.2837425368957404
677	0.39224702957364443
678	0.25666831368120735
679	-0.8231016632777735
680	1.0047545565442053
681	-0.8503218012712463
682	-0.23715480621881485
683	-0.6449802918541041
684	-0.8239817465642378
685	-1.130669027839634
686	1.147483737779125
687	0.10820012094146898
688	0.5733941476693677
689	0.3937327404791036
690	1.3516488856055908
691	-0.5172658602888949
692	-0.3384259989726237
693	0.290711214142889
694	0.2451765996370345
695	-0.2983987417975604
696	0.5830518445395233
697	-1.2599188535952468
698	0.2891217605493858
699	0.6445593642111088
700	-0.8589427936392434
701	0.007572764152207444
702	1.985105821929628
703	2.24777004809098
704	1.6186306289220989
705	1.0924683533382737
706	-1.4313194507797584
707	-0.36558215771491354
708	0.427974987750807
709	-0.7838764686888706
710	-1.7801758165858395
711	0.6385603420874864
712	0.0923873262860358
713	0.8581987908056591
714	1.5999720949614058
715	-0.3159146201293285
716	-0.42873682323144796
717	0.6011602904299096
718	-0.6407850431098427
719	1.0447174469388185
720	1.1877334382268074
721	1.450999335145241
722	0.7644828301061279
723	0.6176117013277316
724	-0.890801144952678
725	0.4799729888055482
726	0.4613241273863218
727	0.5660323988785303
728	-1.7063173475069708
729	-0.5932640821437617
730	0.3493329358576867
731	-1.4063537379413016
732	-0.2510123729427595
733	-0.04579306539256674
734	0.4609764704311148
735	2.025753210411173
736	-0.038166617588743554
737	0.7437999375835229
738	-1.028164434934565
739	-0.10838519638806259
740	0.5686408764774743
741	0.06498134829042806
742	0.03606898488424144
743	0.443973697224071
744	0.8289639941281673
745	-0.21581232187346888
746	0.8004558721757327
747	0.18119685504661795
748	-0.18810684780683598
749	-2.5407005901170665
750	0.4740537409777921
751	-0.41506194422961695
752	0.5317691702411432
753	-0.10178901193887249
754	1.8622959707455793
755	0.7358290932895214
756	-0.03984478121064339
757	0.7258494643052549
758	0.9584803600887211
759	-0.09842331614436005
760	0.3245625620236869
761	0.3916264007350263
762	0.29212718938618354
763	-0.44778753428132345
764	-0.6530995374189925
765	0.43127116193630594
766	1.0195950848817321
767	-0.3624349545730723
768	-0.25858437851527594
769	0.9650874889307918
770	0.9233535480872227
771	-1.0310941976819479
772	-1.199143865884851
773	0.03456707917491941
774	0.20519988467122616
775	-0.5793551564770439
776	-1.2465364493718911
777	0.40126127924165944
778	0.4191789098953073
779	0.6028931476120176
780	1.5606253000608614
781	0.382098820919777
782	0.4914030054438568
783	1.2019674663242994
784	1.0425759580522254
785	-0.22369638725856775
786	1.75411920106174
787	2.1609472030955614
788	-0.7311639493195111
789	0.4909672464165483
790	1.4982990357426733
791	-2.2908397816978323
792	-0.8103358594963482
793	-0.1877635937717007
794	-0.8908102369687675
795	1.81653567224779
796	-0.30129206784855767
797	0.4884358201628001
798	-1.2798634487130074
799	0.688167739391767
800	0.8995954415905905
801	-2.0035044353411666
802	0.8856462379919823
803	0.24826730192837485
804	0.36435567946329483
805	-0.11304303137628512
806	-0.29150782982636025
807	0.7664941396707485
808	0.08446736635118661
809	0.6788255993391329
810	-0.6411530651764467
811	1.767345639342468
812	-1.7263909865221652
813	-0.9758121602813417
814	0.2909925106537087
815	-1.0246606885168144
816	-1.1739762633510695
817	0.705333504356767
818	0.03767829704899841
819	-1.4552515153660992
820	-0.31150394091964756
821	-0.39659350746036426
822	-0.4979313404960725
823	0.7686755049848387
824	0.9698567744120297
825	0.2727927295362886
826	0.17351580137391992
827	1.1109949113801565
828	0.17287832407825848
829	0.08132950433319612
830	-1.0649043773215614
831	-0.3866411224547142
832	1.9933364201095007
833	0.4788506882854656
834	-0.3828933670449784
835	1.5515168318177728
836	0.07316414942027713
837	-2.3606472042447817
838	0.44963005201120415
839	0.8430084405008617
840	-1.0637900929159334
841	-0.6297200332405206
842	-0.3957227971001769
843	-0.4946971878907056
844	-0.7651718554113396
845	-0.7309936329507836
846	1.0064159995991395
847	-0.36706475391238624
848	-0.840988931860744
849	-1.4975955487462242
850	-1.3535314496635502
851	1.5942046010752644
852	0.027644135147909067
853	-1.236403761592778
854	0.8143540350171536
855	1.395774306872623
856	-1.2004322781751888
857	0.7591543210919279
858	-0.07595151144154637
859	0.7705888965058407
860	-1.2831859819558658
861	1.8495829324200712
862	1.9279994485562502
863	-0.4443321389879953
864	0.28183002993733874
865	-0.18008090427335308
866	0.19384654741946725
867	0.5390417429248966
868	-0.6595296065571008
869	-1.3433425724666297
870	0.9094728472581242
871	0.9945354702891421
872	-0.24595314927121137
873	1.2956716892724287
874	1.71850487726858
875	-0.21519607406776797
876	-0.6990563635930515
877	0.6520187718203143
878	-0.38978570100580223
879	-0.4651671477988076
880	-1.3260517087096344
881	0.9328091363712173
882	0.3223653582777542
883	-0.26703749513753716
884	0.2523995839240982
885	2.0568868457286382
886	-0.21911919026607
887	-0.15717035463993065
888	0.37370894541281485
889	-0.07766999973307549
890	-0.18774099100711275
891	0.13249414407858287
892	1.2948567299132427
893	-0.018211078313919025
894	-1.0437963873738587
895	1.6485710521641241
896	-0.6701767241236475
897	0.05042703146723664
898	-0.7984437654326514
899	0.3411428796160343
900	-1.0284686875753377
901	0.5484499103567521
902	0.6340672556522974
903	-1.3143465178038194
904	1.3312532780401363
905	1.6183525937040237
906	-1.5107199527328619
907	1.572839876046328
908	-0.1735279058848779
909	1.2004084436230715
910	-0.04194462766853274
911	-1.292716571307491
912	-1.958503185870601
913	-0.5828230295729343
914	0.3167939365215541
915	-1.5703594723322505
916	1.0000462832108823
917	1.4722546216482562
918	-1.7348852497969547
919	-0.2186973162521288
920	2.327272967995138
921	-0.2324943505584469
922	-2.0474218164157536
923	1.074420196349436
924	0.3052620132640583
925	-0.41856977559975594
926	-0.6993189373678328
927	0.4978996829286386
928	-0.27903630913932914
929	1.0107069524278893
930	1.9072443478117538
931	-0.628241911897739
932	1.1512641798858934
933	0.622815829242907
934	-1.3532027946643672
935	0.0906854754391
936	-1.2257516705340832
937	0.4182936175451247
938	2.1505503569882456
939	-0.091186785158516
940	-0.5859472065462585
941	0.9174747780545348
942	0.565607282614476
943	1.0788026260238597
944	-0.21091408201035602
945	0.4359276575254833
946	0.8575808512086786
947	0.5533999636384006
948	0.9859666670783839
949	0.09593401113592885
950	-0.45034128283834773
951	-2.0997482505474685
952	1.7997649450361817
953	1.4388919177295254
954	1.0668943898062049
955	1.7538108899877094
956	-0.1440697429208951
957	-0.03574616979708113
958	-1.2954170949856583
959	0.3624396039977513
960	1.2566998265682932
961	1.09418674778153
962	0.0740891965871193
963	-0.4255658489215412
964	0.652786278979556
965	-0.01457694529492271
966	-0.08163510986214782
967	-0.22109576612140444
968	-0.20906511426140026
969	0.11796799544498915
970	-0.30463969201035535
971	-1.4185858312206194
972	0.4646052271441595
973	-1.7181429689755383
974	0.011885959676076556
975	0.6111484208617186
976	0.28062827639364535
977	-0.16501605631785052
978	-0.46616023989172434
979	-0.6694747467158232
980	-1.830963610066809
981	-0.16193947015638538
982	-0.414076775883604
983	-0.6098355321379108
984	0.18385047957157932
985	-1.4820678300463648
986	-0.9598928448870341
987	-1.204394015230344
988	0.9441621326549868
989	0.04889520732001081
990	0.3033557787933119
991	0.24723830330827964
992	0.32864788357664965
993	-0.5674571560978351
994	-0.8557930105258755
995	1.0251861596118252
996	-0.394025255813074
997	0.615882073914531
998	2.373180004500151
999	0.08296481530090986
1000	-0.23942479809664483