1	0.27118249726431615
2	0.4936372755872143
3	0.21321787730099118
4	0.310885604931624
5	0.40004027031602
6	-0.1505559933973683
7	0.05901438393380146
8	-0.9946352386068145
9	-1.9225024511843845
10	2.117707886962553
11	2.344583017472363
12	-0.3286822617905722
13	-0.35814824892386254
14	-0.9686771847972427
15	-1.2016710619543767
16	-1.2341955117518817
17	0.08259628322491723
18	-0.07914633568999876
19	-0.2117200424785298
20	-0.2460781983890369
21	0.8056285613884394
22	-0.5942885691077102
23	-0.1688873902529236
24	0.3417030068979532
25	-1.493825105503519
26	2.6128012569990013
27	1.272384134224677
28	0.5508051742919967
29	-0.4510215194505635
30	0.4241759686726654
31	-0.23802485937105544
32	-0.2792448414037935
33	0.4812724346494807
34	0.6030947100031808
35	-0.24952232651229547
36	-0.3707419148814614
37	0.05062600051045037
38	0.5288699905195072
39	0.6192412724064802
40	-0.2934185240117373
41	-0.6535261228947216
42	-0.7841062041160943
43	0.9921420885881823
44	-0.5532108801295442
45	-0.3865031971094805
46	0.6148721331556737
47	-0.23210852382324468
48	0.9877426329886757
49	1.666735209856191
50	-0.29728999974620157
51	-0.17712305719971777
52	-0.20317503567188663
53	-0.031629334530374885
54	1.4305894793281144
55	-1.4714979914518895
56	-0.053183579851987864
57	0.1435062529644437
58	-0.3561726107626473
59	1.624154747705749
60	0.3261923670495631
61	-0.864077861179786
62	0.31294922410951714
63	0.31238417253123246
64	-0.3917212142884323
65	-0.5744233582737075
66	-0.27959582685047263
67	-0.3486743514704308
68	1.213567020559643
69	-1.0040287917106112
70	1.044849194897698
71	-0.7949800901629706
72	-0.16721894220328834
73	0.04642945421312243
74	0.07898599651101738
75	0.37400943039399664
76	0.3081756113758296
77	0.46590384280301866
78	0.3685348127625508
79	-0.11272766093431934
80	-0.46026178091840275
81	0.09846720219132923
82	0.0815284678535107
83	0.3586593970251181
84	-0.45795123924725084
85	1.2613027966910555
86	-1.3611544903462718
87	-1.0151007440534316
88	0.7248595866160064
89	1.4215616637830732
90	0.5538042714891707
91	-0.294900502664045
92	0.18497047050458784
93	-0.4347826274464192
94	0.28180469390157353
95	-0.349756322089764
96	0.062377241327216594
97	-0.6777070015908322
98	-0.06028843482449025
99	-0.7594874917097786
100	1.6409779942482174
101	-2.066279836792771
102	-0.8043872983533465
103	-0.3568919068484603
104	0.7300501465379277
105	0.22078630804105828
106	-0.1432456762100101
107	-1.2482092230974868
108	1.4039734241177682
109	-0.44348326843405017
110	-0.5098783157082815
111	-0.48294219098718993
112	0.45018545071968913
113	0.4063072550046615
114	-0.07210427854088498
115	0.8384051355838956
116	1.310338505332776
117	1.9645913573106915
118	1.8437448570758224
119	0.08135243160337406
120	0.8508541925976048
121	1.0686861256278015
122	2.9125820150360777
123	0.35090459160233556
124	-0.9456631657374946
125	1.5488871524298218
126	0.4140556821265504
127	1.8256804231138855
128	0.5365402663160426
129	-0.12351491535174051
130	-0.2976730096205563
131	0.9579166600266977
132	1.1914079672046773
133	0.5908439693656815
134	-1.0018107962087324
135	0.8794939856384218
136	0.9791095936606363
137	-0.43791682986845787
138	-0.9123670318041452
139	-0.5750602096824298
140	-0.22756944991452896
141	0.6046179599136491
142	0.007077550489290717
143	0.3352855864834881
144	-0.7353683092253825
145	-0.3663961887057044
146	0.2619559805901496
147	-0.7006242634240404
148	0.5428489126271899
149	0.05461453771972673
150	-0.45957953329640283
151	-1.2027229156472703
152	0.6179876258742217
153	0.3954884924574018
154	0.07632978182181134
155	0.1026346973374933
156	-0.24497732350485688
157	1.105775719646642
158	-0.5226108326885202
159	-0.08036950197652014
160	0.14021317779388104
161	-0.09397995964382744
162	-0.3184182764202241
163	0.36150211536821875
164	0.543605806758645
165	-0.71104989964139
166	-1.2576626866958316
167	1.4605447351361116
168	0.9047360370006281
169	1.3931201667633832
170	-0.5838662440752602
171	0.17147625528141647
172	1.0284047388342836
173	0.5647837392428335
174	-0.6492729702826889
175	-0.3656271710887204
176	-1.3492516447103704
177	0.9451310277243258
178	0.633101832584372
179	-0.607041896869365
180	-0.7256157200467968
181	0.13047345685669043
182	-0.7726749050633621
183	-0.7461034806600397
184	0.9818619058821135
185	-0.7502008359174741
186	0.4249629680018394
187	1.3978762439993588
188	-0.4088711173511615
189	0.9511046697699664
190	1.8672531700705466
191	1.012740307217285
192	-0.36435272255759577
193	0.6277692931888365
194	-0.5552225822183251
195	0.4122377368268911
196	-1.0393357883719727
197	-1.0290383168854358
198	-0.8720584151295536
199	1.81186007750143
200	1.0478225166636392
201	-1.4430870735570003
202	1.308587276526263
203	-1.150564100047275
204	0.8110577072504908
205	0.5136649287874943
206	-1.2359049841788576
207	-1.3918488895999899
208	0.3485476658373107
209	0.49583646347204324
210	-1.147798380161175
211	0.7014090625467015
212	1.8816265456805077
213	1.0908926517917699
214	0.12313100789812934
215	0.4804281414680056
216	0.13876000057363724
217	-0.47849036767890746
218	0.05337012785660102
219	0.24289351676845702
220	-0.07791731335877536
221	0.20263653314953134
222	1.2572265981914823
223	-0.42347629621713057
224	0.7245589555582256
225	0.7058151305577274
226	-0.04740094803117641
227	-0.6036754390752335
228	0.4819380849095298
229	-0.6446515554054408
230	1.2623863100144062
231	-1.660700509650511
232	-0.16452695684969926
233	-0.3211933631284695
234	0.5249952457555291
235	0.5574479375841445
236	-0.18546885733570884
237	0.6597239819015172
238	1.2317099801641511
239	-1.0046173746957747
240	1.4417717888540542
241	1.1342640265624944
242	1.0440020726089139
243	-0.06822969667900061
244	-0.27113117543394005
245	-0.49751493848298517
246	-0.06734206017157243
247	-0.9862269745881348
248	0.13864100511894084
249	-0.5152163961907482
250	-0.02865891101649093
251	-0.7251782392965418
252	0.5925081171269239
253	-0.5864443225117045
254	-1.6597508645271508
255	-0.7831042884336905
256	0.3313559173174803
257	-1.0159442494002546
258	1.2821853034564323
259	0.026643122425553296
260	-0.10398421916869652
261	0.06829202888484187
262	0.4581580791643048
263	0.5394589586598766
264	0.8932656193787352
265	0.45893278193191683
266	-1.3145789007121322
267	1.4650909395474745
268	0.04220838301214114
269	0.7888129243268481
270	0.6018672939751277
271	0.5508200167743833
272	1.1765543695432588
273	0.2812277219754558
274	-0.8907061387654482
275	1.469224126736068
276	-1.9665093962634501
277	1.3365412893049533
278	-1.1739163462435525
279	1.527058482977265
280	0.5044243148874191
281	-0.9298169518166687
282	-0.1428630684811808
283	0.22077183032274733
284	-0.4717697066165809
285	1.2445795241981397
286	-1.4022302896450605
287	0.31660031588333254
288	0.3760390349419577
289	-0.12394701160048886
290	-0.4569030553108059
291	0.3945327541880614
292	0.0410824915183751
293	0.4009730218037242
294	-0.1476865677655798
295	0.2255737875206793
296	-1.1133822345748414
297	-0.04135874449390801
298	0.07435598519589008
299	0.3616036905105232
300	-1.812352282166418
301	1.9548606560977733
302	-0.9986764410922053
303	0.059191027035799364
304	-0.5015338714423273
305	1.778785944569982
306	0.5876220741437944
307	-1.4886257926442452
308	0.14358300446460623
309	-0.15146599555398718
310	0.23236122945628748
311	-0.31311612994604454
312	-1.2760917767810898
313	-2.3777028439352463
314	-1.4664066174472234
315	2.5487033946373847
316	-1.1262073387646645
317	-1.360886198030182
318	0.2149699065278875
319	-1.1076151553148172
320	-0.185569307265689
321	-0.4317737505081199
322	-0.0032890963855755117
323	-0.6042973496204649
324	-1.0624514062142052
325	-0.7035385037420643
326	-0.17446235421519823
327	0.8906062612809048
328	-0.03079396562401474
329	0.42803441418225896
330	0.6427280002022883
331	1.0469473148867727
332	-0.2547192393696068
333	-0.8695485036023342
334	-0.28781932426368495
335	0.1725576972950152
336	0.10012019494935293
337	-0.19220993426829913
338	0.08647572270310869
339	-0.3758345063576097
340	-0.6855048754751751
341	0.7254184537560284
342	-0.617859137810842
343	0.40285541234393746
344	0.4931131308877607
345	-0.3533905402878433
346	0.20809996218162116
347	0.10416227507654001
348	0.2237195373372452
349	0.08831713449715033
350	1.128708112980915
351	0.6075255705020284
352	-0.1999943298223041
353	0.15205703794619324
354	0.634579449194688
355	-0.6657638904675924
356	0.07104348903092662
357	0.7440047115884724
358	0.7506946884028861
359	1.490149594179229
360	-0.5483765704351156
361	-0.8623861595870441
362	1.160236986103814
363	0.11461167638330919
364	-0.4675009415639166
365	-0.0014717783973542738
366	-0.7426182875787674
367	-0.2610350984950132
368	0.81358376606039
369	0.38512466946461665
370	1.4295025282926828
371	1.223761059294013
372	0.8724669352199589
373	-0.6552705985678776
374	-0.46552487294033534
375	-0.1314639807535347
376	0.5632308622582163
377	-1.0218522748819832
378	1.4319874643704313
379	-0.8957833265866078
380	1.88933146714032
381	-0.21837373961173315
382	-0.7816989234002899
383	0.4907789156927336
384	1.008443228532626
385	-1.0027081842788392
386	-0.25075378951227284
387	0.6715981674506774
388	-0.8558803371559244
389	0.7999190733833962
390	0.7289542883827358
391	-1.7481242555699077
392	-2.402711397538629
393	-3.1149269793941254
394	0.7747387400176923
395	0.7059154684038865
396	-0.8427006599093915
397	0.8536478632080434
398	-0.36834670774902
399	-0.6850240094184178
400	0.4713385568346284
401	-0.4256251908588145
402	0.3512209830031997
403	0.18261761564211967
404	0.526881708686308
405	-0.15357742181846248
406	-0.06327530145672904
407	0.3433677628641878
408	-0.12784570360511321
409	0.6925322582184414
410	-0.3630551317644844
411	0.5938119666412195
412	-0.05467792623133421
413	1.0343006463064879
414	-0.11180581230459181
415	-0.3364035898272525
416	-0.1772900657814867
417	0.551273222006833
418	0.23872694537015307
419	-1.0427162015974107
420	-2.557789642958459
421	2.454107440733029
422	0.9494536469125947
423	-1.5358954661544593
424	-0.2136786478016838
425	-0.9843545621172509
426	1.4875213260982485
427	1.7082247215177073
428	-0.5124105730935884
429	-0.9244323519303663
430	-1.1466804626316174
431	1.8248484621846834
432	1.7164570657819158
433	-2.322560835892141
434	-1.1899281906525523
435	3.0682137683610193
436	-4.427000930644255
437	1.2313776645830643
438	-1.5127477155159668
439	-2.9516184940493666
440	0.4882526802337576
441	0.8210155613925403
442	0.15347412641657698
443	-1.0559218444282596
444	-2.9807867066260876
445	-2.5069140845448934
446	0.9102667956922009
447	0.29952999927343427
448	0.5182604916073263
449	-0.7779523010124396
450	-0.2567135620359287
451	-0.24530756522910446
452	0.5504121081382376
453	-0.5137904075133048
454	0.505232638316519
455	-0.27282217218104915
456	-0.23523040067870768
457	-0.8761193325127434
458	0.08400060005637697
459	0.6577992874209586
460	-1.1359508769539213
461	-1.5132113805327816
462	-0.9375652491183918
463	1.13866865505344
464	0.27064097092364303
465	-0.3716900349965957
466	-0.45348283933645483
467	0.5352420575673088
468	-1.1221062040680623
469	-1.1989729668967486
470	1.3668971105180092
471	0.1844290908192153
472	0.11469479673179694
473	-0.2090776511637556
474	-0.2670149898055234
475	-0.5247324294952757
476	-0.18814748907344492
477	0.39760834609173523
478	-0.24799747936861982
479	0.47935283205057294
480	-0.3587184740158434
481	-0.14455148354067163
482	0.2824519332950587
483	-0.22504416753401593
484	-0.38318691352692275
485	-0.20044329359849858
486	0.4786986128357333
487	-0.3994601015259828
488	-0.014253754311044559
489	0.019262437348725146
490	-0.31124764834176255
491	0.032384994437510334
492	-0.14465610917383837
493	0.9669719988811397
494	0.44784491538363186
495	-0.8688461351370046
496	0.058980007996600116
497	-0.694189355796006
498	-0.4688090177618352
499	-0.009990951913100548
500	0.6213665779714292
501	1.1085094405949096
502	0.8524158996215448
503	-0.6159297767898166
504	0.09844950122193355
505	0.06250674320115229
506	0.7599418375268414
507	1.4390668022257265
508	3.2726416095428306
509	0.20677439061877656
510	0.425224188680968
511	0.680161298377074
512	-0.046720050670216264
513	-1.6911517331232866
514	-0.31805091840300836
515	-0.5185385851046658
516	0.325839813522612
517	0.6153708419493561
518	-0.3298011102588041
519	0.2834400464082728
520	-0.88970160875579
521	0.28719753322497066
522	-1.5009490321741072
523	-2.342773651751982
524	-2.4456018441584875
525	-0.5418656763659242
526	0.13228127611499998
527	-0.8568102446111483
528	-0.6302518413671702
529	0.706324289282025
530	-0.4957751047495194
531	-1.0266579089357408
532	0.7035384907514998
533	-0.6489881768858294
534	0.24072943333965854
535	0.4281541046305942
536	-0.3340279995900728
537	-0.24983229827631076
538	0.3026583069235307
539	0.4592040152271165
540	-0.15176458794768174
541	0.3928043460147273
542	-0.11440205179680629
543	-0.02384856131453682
544	0.28124530320605323
545	-0.335550859360101
546	1.9624059829819178
547	-0.38462256122376354
548	-0.3470931981369599
549	0.07999950759738557
550	0.27980396413287373
551	-0.31168370421477803
552	-0.4185038539989252
553	-0.7080642889805555
554	1.0096269312183133
555	2.0290603586208125
556	-1.1766681467044848
557	-0.2846319417339001
558	0.6171728239408628
559	0.15066726594379468
560	0.36270085863556184
561	0.8015943695596884
562	0.04245319649909964
563	-0.9332368012440512
564	0.7385402968335701
565	0.3906742409663552
566	-0.8774338695986776
567	-0.9687810184932674
568	-0.5440802533148514
569	-0.6915549200323033
570	2.4016433951424108
571	-0.15779474351100706
572	-0.3000686003681299
573	-0.4053829757188245
574	-0.23135191452717183
575	0.687061211945499
576	0.4974739015969013
577	1.084981331295696
578	1.16427876436426
579	-0.38837567118333166
580	0.18873110188031594
581	0.3126198578252507
582	0.19728971355651817
583	0.6371565189275099
584	-0.8089546387526576
585	0.7546731781188255
586	0.3391341532474127
587	-0.37224725815453424
588	-0.3305355101226881
589	0.031533741258219256
590	0.0983399090342653
591	-0.5521614026949573
592	1.0776665107300933
593	1.089613632144033
594	-0.5287728937646484
595	1.53776464686965
596	0.8140002779316321
597	1.0326039719556903
598	0.5723292153936337
599	0.5759099993117651
600	-0.4013889020102626
601	0.8418102942282089
602	0.10641405310572685
603	-0.004765969481228197
604	0.1769978607134285
605	0.4158693020768157
606	0.17021849616944004
607	-0.7187741868476709
608	0.666813331729471
609	-1.3996893264953663
610	-0.9350202636589687
611	-0.2976801742905505
612	0.7602078734250707
613	-1.3134453779001436
614	0.13478729420437932
615	0.329236096024985
616	0.0361143191400371
617	0.14684519705943938
618	0.11399543648178737
619	-0.2550079531607041
620	0.17751079904769013
621	1.104967153211883
622	-0.07669598656968812
623	0.08943135297097866
624	0.6526739779302768
625	-0.14459647774536602
626	-0.5530107982507034
627	-0.20004168292124297
628	-0.8002230308981498
629	0.32510709862892034
630	0.2802971502044868
631	-0.062187153833009
632	-0.6013777899994656
633	2.142303067941104
634	0.8299342811144793
635	0.4058882027766298
636	0.7569939195519998
637	0.03922358291938538
638	0.10983350184149913
639	0.02138548386854083
640	-0.045600195966933335
641	0.7938976860833526
642	0.41503840541028175
643	0.5398303943848394
644	0.7615797327760054
645	-0.17872678342099785
646	0.20643577140407557
647	-0.1547265041473261
648	0.6130652666303903
649	0.9891207946649899
650	-1.5275388652161401
651	0.6258713611753804
652	-0.13931652826676608
653	-0.339766583382654
654	-1.0572455872752229
655	0.7534281356991422
656	-1.5431583158420348
657	0.8008003605879371
658	0.5911529413676389
659	0.2164723133641319
660	2.2122475771534083
661	-1.1620287526032589
662	0.1833905084788699
663	-0.45819783413391396
664	0.06000505310479256
665	0.43031170478599273
666	-0.5586493201865349
667	0.5277625823378779
668	-0.5128745033359394
669	0.29070047311931524
670	0.8199355995836772
671	-0.08529977101672842
672	0.2166811503607038
673	0.9916649730163815
674	-0.7124513547316917
675	0.35635563837184836
676	0.20444343354238487
677	0.26837311033404293
678	0.17859822827345084
679	-0.5596638462675892
680	0.7831461694598663
681	-0.7448253161329884
682	-0.20589267826333935
683	-0.44206799360063065
684	-0.6107120660965933
685	-0.9076903579393593
686	1.0703729043327543
687	0.11108499093227697
688	0.3855336789470647
689	0.28511771301680455
690	0.9463429885855096
691	-0.481292402969454
692	-0.2580889641152024
693	0.2019780274895212
694	0.16759278248533394
695	-0.2024050622700743
696	0.3984999213403717
697	-0.917479317344962
698	0.26731610928518884
699	0.4500643185126365
700	-0.6392712339859362
701	0.006164129888401708
702	1.3234373779096766
703	2.380079389548705
704	2.6613282712593382
705	2.1853162312867527
706	-2.5617750935266246
707	-0.7243615427230982
708	0.37861209247184063
709	-0.5702605390923482
710	-1.4005610044653647
711	0.7269122504469938
712	0.08065684861869572
713	0.5746448417202107
714	1.2540321122493683
715	-0.34058120873333936
716	-0.30799071596158095
717	0.42402982923047056
718	-0.47197935135219987
719	0.7867230293394653
720	1.0384152354401477
721	1.4551138969598731
722	0.9375894136129076
723	0.6075418633742347
724	-0.7250266970406369
725	0.41022410087314104
726	0.33986191688198236
727	0.403991265287224
728	-1.2471676191852428
729	-0.6276554391194928
730	0.28816636356182385
731	-0.9875748226433064
732	-0.2377908769793571
733	-0.03168631538530294
734	0.30751315200469936
735	1.4263682443893682
736	-0.04244636800800532
737	0.4964960445184463
738	-0.7786457182282481
739	-0.09445292209644926
740	0.38137319676803527
741	0.04697711099591307
742	0.024080108210553133
743	0.2960897568004504
744	0.5815243474464356
745	-0.17025544415368452
746	0.5437101497360249
747	0.14022444436683232
748	-0.1270090331197819
749	-1.7108105103742328
750	0.5599221592731647
751	-0.3314092202466125
752	0.3789924778738597
753	-0.07366496337028228
754	1.2458563832322076
755	0.7603492831702755
756	-0.035252457434515244
757	0.4843077381839499
758	0.7221037124584787
759	-0.08343978116828334
760	0.21738498142653517
761	0.26861183131436955
762	0.20329471560149492
763	-0.3061909099851758
764	-0.4599129070192567
765	0.32243583303699497
766	0.7233752547142186
767	-0.305640076830868
768	-0.18274292522319283
769	0.6568736738548802
770	0.7520891379548014
771	-0.8932191042417637
772	-1.1205353454014817
773	0.0363360356556619
774	0.13692623039417345
775	-0.3907172889400728
776	-0.9045588266064967
777	0.36867610026932446
778	0.30391342535519245
779	0.424742375749656
780	1.149783249647571
781	0.3903048358848843
782	0.36019775279607935
783	0.8643024618712056
784	0.9395311808886413
785	-0.214750454182865
786	1.2058369204503072
787	2.2181045206945456
788	-1.1449510452111074
789	0.547701427222671
790	1.1869889185259879
791	-2.4108231481514353
792	-1.3384730914665646
793	-0.23204940766668777
794	-0.6161858243841659
795	1.4544154200769166
796	-0.3509878774115295
797	0.3526610204009426
798	-0.9173501712256235
799	0.6346994071761417
800	0.7403862621788013
801	-1.7270575765100398
802	1.1487893855499827
803	0.27400614709407356
804	0.25534388600273755
805	-0.07838530405739462
806	-0.19509359506496307
807	0.5229177339575606
808	0.06478893464292826
809	0.45379304892516026
810	-0.4769574433423242
811	1.3343933538055042
812	-1.8999480795037962
813	-1.4280664177429632
814	0.3716762576504331
815	-0.7470464734662723
816	-1.0038672551436987
817	0.6939695214442436
818	0.032090946973604956
819	-0.9708401509472797
820	-0.2902921054883022
821	-0.27910833897070153
822	-0.34778745337608846
823	0.5494844443538007
824	0.7549646194112579
825	0.2356801302999
826	0.11990508555010691
827	0.7473581615462624
828	0.14651844991530957
829	0.05499449330548401
830	-0.7112834462314436
831	-0.3221558363381285
832	1.416870887493728
833	0.5325312708179613
834	-0.30094663725688625
835	1.0934969979490519
836	0.07241375954214141
837	-1.5794723575804128
838	0.5129810325895267
839	0.6563886220712932
840	-0.8760157114609289
841	-0.5803209696689261
842	-0.3167583349653535
843	-0.35070860357315514
844	-0.5477830051826185
845	-0.5686373114908971
846	0.7943803156895071
847	-0.3236884738052694
848	-0.5986448092367261
849	-1.192045053174642
850	-1.4286784195965234
851	1.9524134600792622
852	0.04218112267784922
853	-0.8253333362282234
854	0.7137088435000608
855	1.1927331621267283
856	-1.2845187083797809
857	0.8759202000748819
858	-0.07199008626824936
859	0.5155536837419591
860	-0.9799081525303175
861	1.771019332024445
862	2.6132335239373576
863	-0.8355890465331598
864	0.2659354144235684
865	-0.12570778210204211
866	0.13051875262644586
867	0.36316617800668366
868	-0.47363263106410547
869	-1.0111822744793024
870	0.8808390240513795
871	0.9333549904012213
872	-0.23638358453935135
873	0.8962450918691194
874	1.5617553839354144
875	-0.2686889520700116
876	-0.4893654479223582
877	0.49355064976624347
878	-0.2967155851469269
879	-0.3272030776941793
880	-0.9411312407201772
881	0.867951344485946
882	0.299507437860539
883	-0.18853900446054372
884	0.17201404321496025
885	1.3964244701702053
886	-0.23869183712328926
887	-0.10887572639200509
888	0.2510002689632902
889	-0.05375594966564783
890	-0.12538960833976498
891	0.08919045530891602
892	0.8675271460270623
893	-0.016263957010731814
894	-0.6959894719044994
895	1.3639508803093758
896	-0.7623374576201504
897	0.04488692052386649
898	-0.5330243074828828
899	0.2624640582849018
900	-0.7155876239951329
901	0.459906786573628
902	0.47724661821363795
903	-0.9929967999360331
904	1.2799268618473003
905	1.8336648703222196
906	-2.1790755217273903
907	2.6690856242797043
908	-0.3502504081437268
909	0.8693420960530022
910	-0.037922382222734766
911	-0.8626557658353337
912	-1.7443519635226126
913	-0.7674596980004794
914	0.28452644479897604
915	-1.1025200129554
916	0.9924852492834694
917	1.4656196842657048
918	-2.1334594711812436
919	-0.3531147774870121
920	1.6859198155564026
921	-0.2809660495359622
922	-1.439185820120896
923	1.1989638638137932
924	0.34037939249896937
925	-0.30077001253867125
926	-0.4920714249906307
927	0.37743360370585577
928	-0.20217241682085313
929	0.691169737731798
930	1.5787033796983647
931	-0.7693844004475761
932	1.0321827211413035
933	0.6248331742373274
934	-1.1122665374527576
935	0.09312943757152214
936	-0.8220906205160442
937	0.3663264594659068
938	1.5563300370737139
939	-0.10635021923989896
940	-0.3937493251961842
941	0.6664642163336526
942	0.4654577078963739
943	0.8135235920062227
944	-0.18678049756436602
945	0.2973915119178022
946	0.602139075134031
947	0.4407524992268309
948	0.7345717842632522
949	0.08172880472085456
950	-0.30157366837037536
951	-1.4757286116669617
952	2.030451671768457
953	2.204797389251982
954	1.8466785072589522
955	2.724212598439913
956	-0.28880858638270934
957	-0.02524855991199904
958	-0.8639628765296735
959	0.3229612299157522
960	0.8944546045842777
961	0.9979566914512331
962	0.07327923368237325
963	-0.28476405856681913
964	0.45633044750942203
965	-0.010878165831898046
966	-0.05442759397917368
967	-0.1476696345293966
968	-0.14125478010746464
969	0.07962045327200822
970	-0.20389888159306477
971	-0.9697794058645944
972	0.4347561124873202
973	-1.282397349422308
974	0.012802918393389607
975	0.40747916745053997
976	0.2048811191248932
977	-0.11292821911244703
978	-0.313258295270255
979	-0.47236862708879507
980	-1.376343339770843
981	-0.1806158755385263
982	-0.28231354116706053
983	-0.4261333378569141
984	0.1354846605764586
985	-0.9996798689152018
986	-0.9069799885319305
987	-1.1429992511132614
988	1.0049128583717923
989	0.04930784571050002
990	0.2025787146894103
991	0.16896126287503377
992	0.22298456172391343
993	-0.38982649640606787
994	-0.621203398877086
995	0.8258331123209117
996	-0.3535470919193617
997	0.4436167162336587
998	1.7637725266470847
999	0.10325799158816497
1000	-0.16082638018247872