1	0.27118249726431615
2	0.43914191487470083
3	0.19027674954731116
4	0.2712794994403683
5	0.35046734606660546
6	-0.1328099679336279
7	0.051284497281984004
8	-0.8617704085395299
9	-1.7463600064983755
10	2.042438375560899
11	2.3931129675847873
12	-0.3547819069546244
13	-0.327263620267736
14	-0.8588869326111845
15	-1.1064162389093384
16	-1.1796329475317004
17	0.08133350699445555
18	-0.06871898808523981
19	-0.18350223676822128
20	-0.21423843419414929
21	0.7028767310946095
22	-0.5375267346500705
23	-0.153008764401448
24	0.29759913188473053
25	-1.3109205751911683
26	2.4290788995609254
27	1.2630474546514012
28	0.5598335135444565
29	-0.4260597280430536
30	0.38365248050707396
31	-0.2120213738624513
32	-0.2440415583521823
33	0.42087842667436853
34	0.534912903373406
35	-0.22446306381217698
36	-0.3246012207817472
37	0.04455872571582874
38	0.4581946467161059
39	0.549399054328464
40	-0.264316155277692
41	-0.5743965107672391
42	-0.7052859747495206
43	0.9109514329980335
44	-0.5216737091838544
45	-0.3543281878467832
46	0.5472695976268593
47	-0.20929060164099247
48	0.8638350481940804
49	1.522622313678809
50	-0.2867510968480197
51	-0.1573568463862668
52	-0.1768529457371936
53	-0.027534074691616135
54	1.2390927961059313
55	-1.352228511651263
56	-0.051283914819081906
57	0.12439720268895844
58	-0.309233960222764
59	1.4258295984345828
60	0.3040861754301322
61	-0.7662188833432495
62	0.2865532222521588
63	0.2757530773817751
64	-0.3438040973079294
65	-0.5066082548935238
66	-0.25041101447247965
67	-0.305861644771723
68	1.0668272850948184
69	-0.9280346409851941
70	0.9904162448530216
71	-0.7687862346378396
72	-0.1600393706846274
73	0.04055146016033259
74	0.06842444875432137
75	0.32415287655028396
76	0.2707590163483643
77	0.40850360307883654
78	0.32674788203628163
79	-0.09944858522799875
80	-0.39938292521874214
81	0.08701813270490207
82	0.07071436945578684
83	0.31086907309161904
84	-0.4019695640285624
85	1.11796085061792
86	-1.2676832348854803
87	-0.985549996850344
88	0.7110816840301868
89	1.3592735060207566
90	0.5505033109426724
91	-0.2761564698785853
92	0.16351969673590927
93	-0.37850983254857246
94	0.24882721756180778
95	-0.30630888828976205
96	0.054822933711966615
97	-0.5872546498134131
98	-0.0539709853622582
99	-0.6581751279266985
100	1.4755367368319532
101	-1.9656024185064143
102	-0.810179624034593
103	-0.35032281694846606
104	0.6570498501040566
105	0.20194890155146517
106	-0.1253219228800713
107	-1.084053098811183
108	1.287551385040881
109	-0.42601379653004273
110	-0.4629498686213377
111	-0.4344923256237947
112	0.40274972659117564
113	0.36178218547733976
114	-0.06387355613442822
115	0.7266998624457783
116	1.1828818777174448
117	1.858172899476929
118	1.844149793842449
119	0.08527578188413254
120	0.739425351354264
121	0.9667034186959896
122	2.731009797308965
123	0.3518942438744432
124	-0.8542369134422557
125	1.4411472487133892
126	0.4043069724153943
127	1.6573790881701833
128	0.516371631378503
129	-0.11385539028291508
130	-0.2587185819308484
131	0.8380561001264264
132	1.0872591643044023
133	0.560769593237705
134	-0.9254803132416242
135	0.8332514839862487
136	0.9338205670863169
137	-0.4231222610831124
138	-0.8290845571731366
139	-0.5359165262423622
140	-0.20823337644749781
141	0.5292913196465017
142	0.006334404549416833
143	0.2903685191527208
144	-0.6444608557093628
145	-0.33085567691363404
146	0.23190767419979474
147	-0.612931946081765
148	0.4887441763094975
149	0.0491527013787865
150	-0.3982379311504333
151	-1.06243271342343
152	0.5730241429112254
153	0.3629399145858333
154	0.06802304094398928
155	0.08897484738796244
156	-0.21243533715078525
157	0.9643184123420497
158	-0.4786476601321431
159	-0.072619828951898
160	0.1215853925449481
161	-0.08158659819122176
162	-0.2760688294934796
163	0.31654900614375886
164	0.4781544431939277
165	-0.6347408966049065
166	-1.1440591380628393
167	1.3867828082731675
168	0.895615868894416
169	1.3697566689998988
170	-0.5929195906000557
171	0.16297562384302536
172	0.898213712021654
173	0.5163544854924018
174	-0.5889694334330183
175	-0.3333740518485142
176	-1.1967584741659563
177	0.883008392907175
178	0.6018330754300668
179	-0.5643357652264127
180	-0.6658075594295452
181	0.12046693206610795
182	-0.6718672678677144
183	-0.6724922979172621
184	0.8998987739001123
185	-0.7061385053183882
186	0.3986146826676592
187	1.2572589963921816
188	-0.38669490904402076
189	0.8553874792518297
190	1.7331220318746652
191	0.994411993345401
192	-0.36016856115238427
193	0.5666528749651963
194	-0.5041571430786723
195	0.37261643144256024
196	-0.9245253383343934
197	-0.9526644247925937
198	-0.8288515167965222
199	1.7302566965694677
200	1.0535440253145856
201	-1.455443788697152
202	1.3604433353865204
203	-1.2164351914072775
204	0.8577676714521798
205	0.520199238310666
206	-1.157151174363985
207	-1.3493445721885322
208	0.34990205508404054
209	0.4477996596550619
210	-1.0293809933797
211	0.6561336318787936
212	1.750047437704288
213	1.0733696089593663
214	0.12271347529933069
215	0.4185765668867417
216	0.12293183783277652
217	-0.4156676855758985
218	0.047236080879245
219	0.21044971697705905
220	-0.06793696178226555
221	0.1756328995974503
222	1.0941021245334563
223	-0.3890311332228766
224	0.6479552740102348
225	0.6432715922933356
226	-0.043538991061757557
227	-0.5230724950457636
228	0.4295752774340772
229	-0.5750467601177794
230	1.14207829704422
231	-1.5706216074177974
232	-0.16340376035847193
233	-0.28104669527825793
234	0.4604409662209126
235	0.4964459354777442
236	-0.16648168235684332
237	0.5748780598483922
238	1.1041987734952332
239	-0.9425963294240772
240	1.3805291503780108
241	1.1297374833700027
242	1.0535270290283922
243	-0.06896948122002393
244	-0.23528590475622008
245	-0.43451310082269406
246	-0.05977449637112725
247	-0.8547482652696998
248	0.12592365752851503
249	-0.44795797395702147
250	-0.02543348169185529
251	-0.6281097537667929
252	0.5316843845076867
253	-0.5295383975600544
254	-1.5015779519781416
255	-0.749072412520281
256	0.31472009931486156
257	-0.9045726824075556
258	1.1864632622584688
259	0.025654160113585185
260	-0.09007415181872654
261	0.05922149906933331
262	0.3970104616963126
263	0.4764922886718807
264	0.7983036013661176
265	0.422877442853878
266	-1.181478157677646
267	1.3812496800180094
268	0.04154805432207722
269	0.6835936592503278
270	0.5419867941025205
271	0.49849336061783805
272	1.0616951786936186
273	0.2645615639605784
274	-0.7866292965115003
275	1.3440914586912565
276	-1.889260531524728
277	1.3556202851089079
278	-1.2187581130775187
279	1.5957829751409867
280	0.5427032239805959
281	-0.8898434753538741
282	-0.13776012049267175
283	0.1924575396372233
284	-0.41109165805493
285	1.1020004414266718
286	-1.304242436860885
287	0.30755106391600084
288	0.3354695871624198
289	-0.10955386665670871
290	-0.3966477938167286
291	0.3486250234086283
292	0.03629393968644897
293	0.3473466656313766
294	-0.1299625351456925
295	0.1959847034657707
296	-0.9701554856256708
297	-0.03786787649900302
298	0.06441922071785944
299	0.31337372079948905
300	-1.5910497878539678
301	1.8275385200328689
302	-0.9884327203120794
303	0.058759240417454436
304	-0.434945726813315
305	1.5759188735217853
306	0.553391313051196
307	-1.370138344429486
308	0.13870569223912038
309	-0.13205901390294514
310	0.20184059241561808
311	-0.2729257409179732
312	-1.117936732164174
313	-2.1962113502159046
314	-1.443854457853793
315	2.6002742959144376
316	-1.2187710310256992
317	-1.4619135251908626
318	0.23435432863435748
319	-0.9852574390656814
320	-0.1723079808007121
321	-0.3770470113804392
322	-0.0029058207675320704
323	-0.5233377654811946
324	-0.9468578339531769
325	-0.6528274250024325
326	-0.1616447037498312
327	0.7769142849320587
328	-0.027967941398562863
329	0.37076320922525463
330	0.5665576476636103
331	0.9421852890225036
332	-0.23774576157481908
333	-0.7648192180080438
334	-0.2623858480970486
335	0.1518380566086897
336	0.08708471257409792
337	-0.16667659887863848
338	0.07522313161184876
339	-0.3258017139313222
340	-0.6023691375482751
341	0.6538299548506397
342	-0.5653462097993597
343	0.3675876893875064
344	0.4392121910220174
345	-0.3154728589872011
346	0.1835953345879882
347	0.09078520770691231
348	0.19402842306006124
349	0.0769377025280937
350	0.9785096992101526
351	0.5545674335861195
352	-0.182110940657879
353	0.13276087311745635
354	0.5512706125087975
355	-0.5951511198792149
356	0.06444258776544183
357	0.6450042271648024
358	0.6745987429428058
359	1.3641280046438387
360	-0.5274427541625015
361	-0.7961851045300372
362	1.0877106523524147
363	0.1107746449023292
364	-0.406636359854212
365	-0.0013021317252596466
366	-0.6431265297278592
367	-0.23443661653487244
368	0.7128561748254727
369	0.34929187412138873
370	1.269087407793809
371	1.146565504643764
372	0.8457450754020839
373	-0.6334847684314902
374	-0.43753019355221245
375	-0.118960739259266
376	0.4894562997375769
377	-0.9095369861831586
378	1.3251713886878311
379	-0.8675653292517614
380	1.8298941028457207
381	-0.2227213437827292
382	-0.6907966645136172
383	0.44632455733465665
384	0.9059347554221677
385	-0.9329467194383742
386	-0.23872015331643331
387	0.591804143609726
388	-0.7716772459601966
389	0.7391660224396089
390	0.6801446161582123
391	-1.6285071589199116
392	-2.3608569294343846
393	-3.248214262488299
394	0.8610764655719138
395	0.7327479229002106
396	-0.8286306229375721
397	0.8298343064602016
398	-0.3559987691264418
399	-0.6155520060336382
400	0.4292362072159564
401	-0.3817305508686049
402	0.31222424436976565
403	0.1609577832976936
404	0.45855286256054023
405	-0.13644236057221884
406	-0.05501088197048022
407	0.29752115939655216
408	-0.11210562271840019
409	0.6011561146264192
410	-0.3255408895628487
411	0.5247892928179544
412	-0.049081464491964794
413	0.8962372018963091
414	-0.10171374284529898
415	-0.2921036071192849
416	-0.1554512780726244
417	0.47951779470920775
418	0.2123940951658088
419	-0.9112065209838934
420	-2.340577858884395
421	2.3994392364446875
422	0.9861824024837723
423	-1.5681332026407768
424	-0.22547338803554748
425	-0.8722464038250931
426	1.3701136147355564
427	1.651116123367078
428	-0.5192159767427927
429	-0.8654920178735869
430	-1.089743785059261
431	1.7800587332389821
432	1.7588734162761366
433	-2.4769684658176416
434	-1.3375377281517646
435	3.4197631641016373
436	-5.243860314154297
437	1.5613514931244428
438	-1.872340717341371
439	-3.6785740213163742
440	0.6434227773910209
441	0.8556344484688115
442	0.15423891290707628
443	-0.9233231081341705
444	-2.7301443834612384
445	-2.4597819257723383
446	0.9492199224003633
447	0.3050811198329614
448	0.4648769175569659
449	-0.6976423054797739
450	-0.2352208597638759
451	-0.21534666389064866
452	0.48057720521829234
453	-0.45769323134924356
454	0.45185713034042196
455	-0.2441291671956456
456	-0.20621231692590464
457	-0.7644028203683874
458	0.07624699836459847
459	0.5705104557837721
460	-1.0161616350160751
461	-1.412277996397029
462	-0.916797636947553
463	1.114435453554393
464	0.2696554315794194
465	-0.33045055627136893
466	-0.4003895305524149
467	0.47500912260342576
468	-1.004115168647745
469	-1.1186118638603366
470	1.3191751796432665
471	0.18425389494416394
472	0.10065206960552735
473	-0.1814130308396382
474	-0.23245616698369684
475	-0.4583431564410675
476	-0.16733057359631787
477	0.3463331069334261
478	-0.2184502643613324
479	0.41874447925958497
480	-0.31801985702709407
481	-0.12741961649219838
482	0.24538497950283078
483	-0.19669850524678623
484	-0.3340490646463861
485	-0.17641996813404212
486	0.4169738458797159
487	-0.35382870467771016
488	-0.012604164823279336
489	0.016682309825965153
490	-0.26956087055663963
491	0.028341399832392117
492	-0.12529469041466784
493	0.8395478492266406
494	0.4069154284049432
495	-0.7767787226921206
496	0.054278308108162684
497	-0.6016807164237669
498	-0.42011426374666233
499	-0.008915698614794238
500	0.538128858199948
501	0.9889089029809996
502	0.7931209125066941
503	-0.5796271163150384
504	0.0909103637225912
505	0.054258890724186264
506	0.6584588661443299
507	1.2939032926037206
508	3.098011309485571
509	0.20966614008979576
510	0.37484716667592616
511	0.6020150625574318
512	-0.042233900417245424
513	-1.4652282448217848
514	-0.2935729565468263
515	-0.4585902563611907
516	0.29083905869334736
517	0.5416165038238119
518	-0.2960326213143009
519	0.2497891778561446
520	-0.7790794947186547
521	0.2614104292178772
522	-1.3203610360494402
523	-2.1825830441053626
524	-2.426126871099585
525	-0.5704354964140851
526	0.12660421411327016
527	-0.7460404482016512
528	-0.5708889294006236
529	0.6424744542380894
530	-0.4549646866423186
531	-0.9254907234864447
532	0.6567177714166181
533	-0.6030967070742557
534	0.22190221695427045
535	0.37553263620570243
536	-0.29534851147820324
537	-0.21968803491454453
538	0.2643755449447413
539	0.40214734902721794
540	-0.1344453463875942
541	0.341430278488878
542	-0.1006936634971186
543	-0.020694198964013796
544	0.2435833562193734
545	-0.29315539734715673
546	1.7223377490516212
547	-0.36013916811840313
548	-0.31036287539358004
549	0.07056209650073118
550	0.2425593703386703
551	-0.2723124882418248
552	-0.3667285205532751
553	-0.6254841487707271
554	0.9136151901754561
555	1.8970770043026157
556	-1.16616319998683
557	-0.28707602857334774
558	0.5510936496309612
559	0.13606244930211964
560	0.3154942213011303
561	0.7042527040104847
562	0.03853373174974305
563	-0.8085135079370434
564	0.6692573624380517
565	0.35882910232373716
566	-0.781671492807555
567	-0.8901576509238724
568	-0.5125315932910023
569	-0.6329619094362726
570	2.207639529111183
571	-0.15471642481332287
572	-0.2621745899731487
573	-0.3549662385648042
574	-0.20413835037752126
575	0.5996623084855536
576	0.44703775091368075
577	0.9716517587172722
578	1.0850552878859474
579	-0.3738294991418278
580	0.1699686447438977
581	0.2725271966214102
582	0.17283595750878739
583	0.554736001136517
584	-0.7239356829256998
585	0.6922075923523369
586	0.3138899958859922
587	-0.33016924116882085
588	-0.29171120227264963
589	0.027712843136245738
590	0.08517763282557747
591	-0.47875644356055447
592	0.9577794377102045
593	1.0098631551439858
594	-0.5048240823659473
595	1.4115614006764863
596	0.7857449067973254
597	0.989374228125168
598	0.5571109275757491
599	0.5362791573926905
600	-0.3672035059140267
601	0.7501402205141674
602	0.09758216415388982
603	-0.004138055560569424
604	0.1532850946751661
605	0.36149799527760723
606	0.15005282805983838
607	-0.6251778329953
608	0.5993529338252872
609	-1.2729014859998409
610	-0.8921110032181699
611	-0.2866153918917792
612	0.6752165433446117
613	-1.1959684046503214
614	0.12834791701107254
615	0.28667503091454094
616	0.031665780158591054
617	0.12719599473929608
618	0.09898106098538986
619	-0.22120783404868005
620	0.154889356206751
621	0.9609021873249358
622	-0.07010707563340735
623	0.07755128582721285
624	0.5658005970337302
625	-0.12928406490539682
626	-0.48069150837830327
627	-0.17795244114450023
628	-0.6975309575315153
629	0.29383083339177285
630	0.24719896107390454
631	-0.05444821181400234
632	-0.5210974419516621
633	1.9092998213289691
634	0.7892134022786245
635	0.3861240744165429
636	0.6815457747789311
637	0.035958821628360345
638	0.09515225542940528
639	0.018547918672713513
640	-0.039493231114888894
641	0.6877138366118574
642	0.3737574074529508
643	0.47989407006653534
644	0.682160975412721
645	-0.16346897380337483
646	0.18000588895897868
647	-0.13473068595416277
648	0.5325791627939189
649	0.8830515739455693
650	-1.4140860702596458
651	0.6081882550727957
652	-0.13070213027166702
653	-0.2957788770254104
654	-0.9276081791229785
655	0.691665496544341
656	-1.428785277216001
657	0.7786427447540347
658	0.567960301227724
659	0.20103185305413912
660	1.9372315061216778
661	-1.0883989094179685
662	0.17715019103653507
663	-0.40108994317438457
664	0.053147032319002786
665	0.3728813151555898
666	-0.4925617913291211
667	0.47205988986339414
668	-0.4598863423916799
669	0.26053062269732147
670	0.7199788697355358
671	-0.0774816299685664
672	0.1879383113052613
673	0.8636031334689309
674	-0.6492061100663585
675	0.32748827925157953
676	0.18144285363251805
677	0.2339570284948173
678	0.15603818297003255
679	-0.48675226773184216
680	0.6971099230874173
681	-0.6800256660003279
682	-0.18994162546597845
683	-0.3865307641448252
684	-0.540118243926801
685	-0.8160691005164632
686	0.9907142241458028
687	0.10583487057252534
688	0.33512956813035694
689	0.25083600364684655
690	0.8285916116302194
691	-0.439211288918853
692	-0.23186906874305838
693	0.1769366762467006
694	0.14594813053139763
695	-0.17592349903442295
696	0.34685630339685614
697	-0.8080873744088651
698	0.24449156419694995
699	0.3954100062704519
700	-0.566423137567085
701	0.005558174378099989
702	1.1461390364018882
703	2.1820902234467794
704	2.6026025301579425
705	2.275544794844579
706	-2.8085160903660658
707	-0.8391601813865921
708	0.3987625897185411
709	-0.524608271026105
710	-1.274293598854559
711	0.6938308285456077
712	0.07602080932590043
713	0.49857446511626213
714	1.1163532863533854
715	-0.3181449744749202
716	-0.2736999698934487
717	0.37240901516576114
718	-0.41733246869928314
719	0.6995251045797319
720	0.9477435626500472
721	1.3704936334458064
722	0.9218429169853438
723	0.596772593991086
724	-0.681630855433085
725	0.38350293054447754
726	0.30480582051440464
727	0.3562968813986413
728	-1.1021511021510337
729	-0.5830060372718728
730	0.2649414594076208
731	-0.8700534269616287
732	-0.21824708718001373
733	-0.027772101071918066
734	0.2663532404724568
735	1.2480192851428347
736	-0.039313277446277196
737	0.43017190670048844
738	-0.6894230434255831
739	-0.08596792602252148
740	0.3309076950340526
741	0.04130205054436774
742	0.02086094798620313
743	0.25643990695658736
744	0.5084739081813447
745	-0.15206943609954807
746	0.47322502718080894
747	0.12472095476849789
748	-0.11035578785316841
749	-1.4846540682084917
750	0.5176619467231149
751	-0.3017587452969865
752	0.334873375389971
753	-0.06499706884458512
754	1.0798620301487087
755	0.6962431092860862
756	-0.03261566884742594
757	0.4195521563846302
758	0.6388366723442906
759	-0.07563113765903265
760	0.18853120831574177
761	0.23392998223189365
762	0.17759734238769492
763	-0.26661363942825395
764	-0.4026773078135768
765	0.28563689582894103
766	0.6357213539928227
767	-0.27616532025257456
768	-0.1608643910350052
769	0.5716491751513237
770	0.673732140693944
771	-0.8164439137066726
772	-1.0466234055663444
773	0.03494584306863792
774	0.11863300665533798
775	-0.3391462073273563
776	-0.7958258202360285
777	0.3367554550285129
778	0.2697532241941345
779	0.37285066107749826
780	1.0165904325611865
781	0.3614713989942727
782	0.3214901248087572
783	0.7629519602079349
784	0.858049363392084
785	-0.20112088738766024
786	1.0565231900351557
787	2.0448089595287637
788	-1.123378650348815
789	0.5469711574433525
790	1.1124427215705899
791	-2.333009464173894
792	-1.376298499167758
793	-0.24364096070495606
794	-0.5477013519425653
795	1.3108475322513695
796	-0.33303726273933737
797	0.3148080377532363
798	-0.8092706074893158
799	0.5810651507646193
800	0.6768815884414199
801	-1.5937460376775663
802	1.1191262566536109
803	0.27226255926023596
804	0.22705180700485258
805	-0.06857543891712095
806	-0.16910296166966793
807	0.4549183948929729
808	0.05753741398254884
809	0.393275095557869
810	-0.42118136592084215
811	1.1865189401514225
812	-1.7776958592045835
813	-1.4130325722706885
814	0.3800561524771941
815	-0.6808587372956585
816	-0.9254295131531386
817	0.6566473120552534
818	0.029993257194895012
819	-0.8410048675454319
820	-0.2634307679167046
821	-0.24549636296412514
822	-0.30438160552195453
823	0.48281419295497274
824	0.6739879395807037
825	0.21508684908010384
826	0.10501455955637501
827	0.6485496242665394
828	0.13175351845677882
829	0.04781779421125072
830	-0.6162343609461137
831	-0.2889061598310434
832	1.247619994888151
833	0.4955831760391859
834	-0.273796924313451
835	0.9631431412400396
836	0.06674553044294965
837	-1.3695784728095486
838	0.4730489489190924
839	0.5938477706708273
840	-0.7983053264469049
841	-0.5403897604983725
842	-0.289935112052279
843	-0.3096884727702382
844	-0.48219732463275017
845	-0.5079072109664888
846	0.71451978595458
847	-0.2974202738718752
848	-0.5293577344528674
849	-1.0706666757945567
850	-1.3403140426647353
851	1.9116311326408888
852	0.04350165279956632
853	-0.7153819439116215
854	0.6438995277146455
855	1.0908473845892874
856	-1.2211656045192827
857	0.861265713037733
858	-0.07024964163279374
859	0.4473105604415779
860	-0.8690613039981429
861	1.6317903710335366
862	2.5447771852782735
863	-0.8662160751789395
864	0.2669573094566197
865	-0.11178973077527933
866	0.11333336075343436
867	0.3151878016264446
868	-0.41595288379638623
869	-0.8974597661781168
870	0.8131928832998611
871	0.8762739201650855
872	-0.22520674174111516
873	0.788437070715421
874	1.4258577399089836
875	-0.25837626803119945
876	-0.4327854895585718
877	0.4394934516550327
878	-0.26486878023949756
879	-0.28729828816419894
880	-0.8262038379216117
881	0.793159870328964
882	0.279197677976695
883	-0.16665047290923252
884	0.14977825105775017
885	1.2139398894770506
886	-0.21981999522421752
887	-0.09546697823973044
888	0.21774444402181586
889	-0.046895757139323486
890	-0.10863366107810525
891	0.07739018614791536
892	0.7520583791327878
893	-0.014702661133050816
894	-0.6027769828199424
895	1.2219683656245066
896	-0.7180706753784986
897	0.042174276809547856
898	-0.461872077614198
899	0.2329354622390228
900	-0.6262189489777967
901	0.4145086044496813
902	0.4262266016962691
903	-0.8859278439631725
904	1.1845936184063757
905	1.7656810159678686
906	-2.208152476769544
907	2.85336796866716
908	-0.3967909334862095
909	0.8090691950790662
910	-0.03574389781004547
911	-0.7473888677939102
912	-1.5760227940387745
913	-0.7345177681054575
914	0.26984674824359306
915	-0.9752279048656676
916	0.9177948874565086
917	1.3886373831169674
918	-2.1086784267478587
919	-0.3686512349721299
920	1.5379654631702515
921	-0.2707959572441879
922	-1.2753935792820392
923	1.122008073311527
924	0.32924075688012744
925	-0.26911273592124624
926	-0.43234694333268975
927	0.33549955207983906
928	-0.17858272229478142
929	0.6022543900294988
930	1.4179272705239656
931	-0.7302268357609859
932	0.9745986844707811
933	0.6020670603910611
934	-1.039277083523438
935	0.08954600044924765
936	-0.7139516119791016
937	0.3307920506055949
938	1.3777974078708526
939	-0.09970188815402349
940	-0.34203961952656103
941	0.5865627526735189
942	0.4192882099940048
943	0.7268386553060999
944	-0.17121891820388513
945	0.2595080590702279
946	0.5270715333728121
947	0.39439205689169554
948	0.6535421546043075
949	0.07435078694489924
950	-0.2615424652607892
951	-1.2909925752506395
952	1.882277844699927
953	2.1686079138783856
954	1.9217986171013515
955	2.9586782250238985
956	-0.33238374687937866
957	-0.023119143659229832
958	-0.7483225222620514
959	0.29176866466393286
960	0.7886198938285031
961	0.9122390329946443
962	0.06892507221619858
963	-0.24698327821911328
964	0.39882363730337567
965	-0.009629449265047161
966	-0.04713659471852201
967	-0.12793280497147988
968	-0.12265435063624731
969	0.06912630029926103
970	-0.1767250368322004
971	-0.8439984909685564
972	0.39565542295394507
973	-1.1454098532821788
974	0.01200063159107942
975	0.35290321499676913
976	0.18035827970407534
977	-0.09839203799063001
978	-0.27174974787100825
979	-0.41353703736016256
980	-1.2203359507007951
981	-0.16882091144137729
982	-0.24652961929547057
983	-0.37269327025504706
984	0.11969391806161966
985	-0.8682278870615857
986	-0.8252978638002957
987	-1.065691980875819
988	0.9664551106649518
989	0.04801432170882523
990	0.17558965279498087
991	0.14703863318544316
992	0.19381506933347173
993	-0.33964603470775917
994	-0.546933943206841
995	0.7416872488657087
996	-0.3253020113685487
997	0.3936784568714257
998	1.5661552899374607
999	0.0974079019512581
1000	-0.1397003679262847