1	0.27118249726431615
2	0.37684676322143273
3	0.16156251946938346
4	0.22352490412881396
5	0.28957086879491584
6	-0.11047659218971671
7	0.04202744767242195
8	-0.7039571254805601
9	-1.4895346176245285
10	1.8394753039001004
11	2.273772542904431
12	-0.3558974881314301
13	-0.28836482341101016
14	-0.7241104607132662
15	-0.9637888000213606
16	-1.0650710079606949
17	0.07583056350133807
18	-0.05631745778250743
19	-0.14995248796548713
20	-0.17584473906662815
21	0.5781803983331585
22	-0.4573017076576578
23	-0.13084730641117703
24	0.24457978586191123
25	-1.0847356151980363
26	2.1167617794746123
27	1.1673740792559153
28	0.5342564504014804
29	-0.38691915542620625
30	0.3319744332700944
31	-0.17927953414918968
32	-0.20138251345441607
33	0.3471362932581187
34	0.4472422949671657
35	-0.19041301403096328
36	-0.2682729401515716
37	0.03699061280013103
38	0.3742708141703256
39	0.4590656905535274
40	-0.22442161300002839
41	-0.4766816602631404
42	-0.5980595232628183
43	0.7888992072295639
44	-0.4643369540555097
45	-0.3087746210817177
46	0.46187023817314415
47	-0.1784842761435226
48	0.7133422400433486
49	1.3082461333764481
50	-0.2590423127968687
51	-0.1325431551466925
52	-0.14525016225450416
53	-0.022600703992363073
54	1.0118534873998442
55	-1.1642402728892591
56	-0.04623826236268194
57	0.10169172265214974
58	-0.2531282320869435
59	1.1798647589387876
60	0.26551225736845524
61	-0.6424290680860198
62	0.24745140904334767
63	0.23013485588098972
64	-0.2847886655579929
65	-0.4214513280640882
66	-0.2114769063361935
67	-0.2532586943262701
68	0.88463754224682
69	-0.8054358787574267
70	0.8838185354420169
71	-0.7029549463918009
72	-0.14616254015646793
73	0.03350906019163884
74	0.05588653702589192
75	0.2648749959164255
76	0.2241995615459904
77	0.3377876650256884
78	0.27314797065120633
79	-0.08278703717080708
80	-0.32678541649185533
81	0.07245923795533331
82	0.05783251355394944
83	0.2540380252872631
84	-0.33254999293217413
85	0.9342165295447735
86	-1.1084127967346724
87	-0.8979486467160496
88	0.6603376903574134
89	1.2452526453940636
90	0.5234392010340173
91	-0.24984332403616918
92	0.13751890641096848
93	-0.3109740390820807
94	0.20712671892989942
95	-0.25304797328748024
96	0.04544079545336588
97	-0.4797880847470409
98	-0.045462436060641966
99	-0.5377900906007979
100	1.2477673128328073
101	-1.7498169763658773
102	-0.7608079991120023
103	-0.3273327532059891
104	0.5653594040922822
105	0.17567621395128521
106	-0.1036379924030646
107	-0.8878183801458852
108	1.1074859417487886
109	-0.38312935860391717
110	-0.39913818352521113
111	-0.37062546509064476
112	0.3410538364402376
113	0.3045507506793746
114	-0.05344694396480579
115	0.593908022009261
116	1.0037321575484826
117	1.6476700980551318
118	1.7230509853197404
119	0.08358088788780534
120	0.6069873116222845
121	0.8229281443486908
122	2.407945647245649
123	0.3294319791320006
124	-0.7357106903677059
125	1.2733790124948925
126	0.37355645215864
127	1.4372172749466172
128	0.4713950652965677
129	-0.10031371978822474
130	-0.21226600043475605
131	0.691348682269151
132	0.9325449744939085
133	0.49981789420278455
134	-0.811455558930601
135	0.7489607114708723
136	0.8483748298503926
137	-0.3905879889940258
138	-0.7214384574904054
139	-0.47604617638123947
140	-0.18165329094795749
141	0.4381697493169936
142	0.005347758227483544
143	0.23708736495894628
144	-0.5323440085497732
145	-0.2811973665506973
146	0.19388780687655982
147	-0.5059582527331334
148	0.4144314661467469
149	0.04177012918565968
150	-0.3253767426539143
151	-0.8842255854811799
152	0.49864012882751985
153	0.31491823688705184
154	0.057406831481525394
155	0.07273333422686099
156	-0.17368152444285545
157	0.7928148908497787
158	-0.41149982009028196
159	-0.06199042020600655
160	0.09942428524733823
161	-0.06677748122789967
162	-0.22566496476127154
163	0.2612837644415447
164	0.39657574134962287
165	-0.5341768949502091
166	-0.9813833441975386
167	1.238796154925515
168	0.8340568760570363
169	1.2835974610615462
170	-0.575147989898959
171	0.15033081832622186
172	0.743137453757014
173	0.44483918070241824
174	-0.5053795554593138
175	-0.28772018919421777
176	-1.0046224617801467
177	0.7765500998727776
178	0.5405940392293946
179	-0.4995785333788984
180	-0.5820668979645272
181	0.10583328234066516
182	-0.551472321301861
183	-0.57049284442257
184	0.7775978810928906
185	-0.6271242333094377
186	0.3549469863183571
187	1.0752669972294724
188	-0.34583465781033584
189	0.7311772321135626
190	1.5236223663002548
191	0.9201480231453563
192	-0.3386802974668326
193	0.48961252188143217
194	-0.43561400612766826
195	0.31969517815239634
196	-0.7786859973871636
197	-0.8319453852214812
198	-0.7440510123215842
199	1.5699362152425844
200	1.0031057889262618
201	-1.4059568481488172
202	1.3598900216596748
203	-1.2479987892039994
204	0.8924485443216108
205	0.5272160249429426
206	-1.0749571548735144
207	-1.2863258623477578
208	0.34421069035557794
209	0.3914806932880655
210	-0.8810584046537151
211	0.5824888802594982
212	1.5495087744257348
213	0.9999046537447288
214	0.11665040220184188
215	0.34493649726396536
216	0.10273629507038091
217	-0.3405297120869822
218	0.03939334777440499
219	0.17191701781583837
220	-0.05584310531990584
221	0.14352452265521493
222	0.8976623165421637
223	-0.3351658043554341
224	0.5475376980539278
225	0.5535883456600286
226	-0.03783031395614288
227	-0.42736348775846345
228	0.36047511572782914
229	-0.4839383696855508
230	0.9750124179390631
231	-1.397613456901239
232	-0.15238460070258159
233	-0.23275336755694234
234	0.38105524218479375
235	0.41686201789220556
236	-0.14101587866481083
237	0.47265269947936683
238	0.9322248050441673
239	-0.8304039362570942
240	1.246532560865525
241	1.0616522918933413
242	1.0122285818239647
243	-0.06711098358151546
244	-0.19276607570989726
245	-0.35782296742679426
246	-0.05000407217006594
247	-0.6984748751135903
248	0.10740378077417972
249	-0.36736504150246585
250	-0.021266721749819143
251	-0.5129262079191975
252	0.4487696905739759
253	-0.4509800488844337
254	-1.283685881499408
255	-0.6734655888993522
256	0.2836757171775888
257	-0.7653252182394285
258	1.03843408295898
259	0.02332606157396157
260	-0.07356875989340333
261	0.04841860787925932
262	0.324349581088779
263	0.3965255854037927
264	0.6726055047783628
265	0.36698818386433907
266	-1.0051605223859819
267	1.2272864160990808
268	0.03850897395828528
269	0.5586808274120969
270	0.4589632706684702
271	0.42557337982053994
272	0.9056812679702971
273	0.23458198077127487
274	-0.6577727527714212
275	1.1600620656105727
276	-1.7065372779296384
277	1.2888986483210372
278	-1.1965112228468728
279	1.5990856524782548
280	0.5635532748488333
281	-0.8428090558850425
282	-0.13064092762554083
283	0.15893539593019823
284	-0.3379051275003831
285	0.9196914031613487
286	-1.1387035687615388
287	0.2801932113375934
288	0.2841877624591708
289	-0.09156692862713198
290	-0.324731988869597
291	0.2902901063549481
292	0.030244932049118024
293	0.28369011600728855
294	-0.1077737941094064
295	0.16056262094568624
296	-0.7970199164461133
297	-0.03254417809021593
298	0.05262141078789277
299	0.2560450269033277
300	-1.316460062623414
301	1.5991329261260778
302	-0.9120094569248811
303	0.05510760202400265
304	-0.35585162289060396
305	1.3154713755067118
306	0.48787589960105215
307	-1.1936911273018986
308	0.12637725883319678
309	-0.10880130569850617
310	0.16532852980241444
311	-0.22429069883807704
312	-0.9233908966039387
313	-1.9030373577639008
314	-1.3252658896575782
315	2.483677665885832
316	-1.2310500905939241
317	-1.501002946598671
318	0.24745258683350918
319	-0.8450708045813979
320	-0.1529031682558125
321	-0.3113276411092188
322	-0.002421948732516012
323	-0.4273042997466914
324	-0.7943457408006228
325	-0.5690527146535975
326	-0.1415874711322185
327	0.6400679505055819
328	-0.023902889119954866
329	0.30279642213962243
330	0.47057747630772495
331	0.7988110281948163
332	-0.2087683074160057
333	-0.6360744416229026
334	-0.2254266007127324
335	0.12623136060249462
336	0.0714390292436091
337	-0.13627253232145548
338	0.06169160534222903
339	-0.26628105524386375
340	-0.4988670927765425
341	0.5549454079339483
342	-0.4879331505324969
343	0.3173924448780198
344	0.37037422793295405
345	-0.26619484294669515
346	0.1529886995814148
347	0.074638480920079
348	0.1586605894664989
349	0.06318929483424031
350	0.799800320314582
351	0.47498240193020996
352	-0.15648886799526163
353	0.10942878458869584
354	0.45157219516828906
355	-0.5008602123778958
356	0.05510724542020065
357	0.5272841966317867
358	0.5702223186785438
359	1.1765262892122292
360	-0.4763907981680096
361	-0.6992096369815839
362	0.9697050076746897
363	0.10177226182795894
364	-0.3340762504823238
365	-0.0010861845758116592
366	-0.5251108129322972
367	-0.1980177930308771
368	0.5893763938341056
369	0.29819181411524903
370	1.064452586849386
371	1.0094625341088852
372	0.7714311307217037
373	-0.5821059421079956
374	-0.39400268166052377
375	-0.10281523909930125
376	0.4014272305535534
377	-0.7627458329256908
378	1.1529416520046245
379	-0.788562224042087
380	1.6806166775206328
381	-0.21481509646976366
382	-0.5811721617450066
383	0.3843597065851764
384	0.7708780111558005
385	-0.8198938023914544
386	-0.21503326321191032
387	0.4941677810639892
388	-0.6571580921075176
389	0.6447961498477286
390	0.6008530932062687
391	-1.4415679342724848
392	-2.1940675711570146
393	-3.189545157135771
394	0.896907298491243
395	0.7436432787152526
396	-0.8078710815598885
397	0.7981270170509763
398	-0.3391120044778603
399	-0.5335055530544767
400	0.37338211592299797
401	-0.3253074731821344
402	0.2627334113779466
403	0.13400073712336388
404	0.37640939379551197
405	-0.11421321264434012
406	-0.045103919156016296
407	0.24305479150761136
408	-0.09265579127043157
409	0.4920363758821282
410	-0.27467904748896
411	0.4377525180502607
412	-0.0415587749193181
413	0.7322429261851581
414	-0.08686887766073834
415	-0.23920442581925944
416	-0.12849213307507248
417	0.39330989643145947
418	0.1780001263912945
419	-0.7511906335246703
420	-2.012415658505635
421	2.188526314081345
422	0.9515958758854726
423	-1.52241006312564
424	-0.22729853566986633
425	-0.7396801343525874
426	1.1990987922600738
427	1.510183665069414
428	-0.4971387173828041
429	-0.7807733257865997
430	-0.9953197428432267
431	1.6673281579876906
432	1.7257168960584872
433	-2.5350259837202
434	-1.442079958381384
435	3.747077437101985
436	-6.086404447210256
437	1.92889521369919
438	-2.3558264884281708
439	-4.774814210801352
440	0.8838262456747442
441	1.0119134892573247
442	0.17274789664649384
443	-0.7763604215748826
444	-2.3812103195919416
445	-2.2789459463325494
446	0.9301401976627761
447	0.2986903544369513
448	0.40075981520361165
449	-0.5952096284570848
450	-0.20432092813269265
451	-0.17875550065739007
452	0.3958457326796084
453	-0.38422740893181817
454	0.38133632117166116
455	-0.20631400998517946
456	-0.17066181226613128
457	-0.6290189829473336
458	0.06507926579639502
459	0.46659500995652997
460	-0.8555519854347082
461	-1.2377040774783181
462	-0.8404788518204169
463	1.0342502794545245
464	0.25621836908383244
465	-0.2803246687281838
466	-0.3345820491444523
467	0.3981114964653545
468	-0.8482321396365069
469	-0.982308301493118
470	1.1993251714867248
471	0.17379554980289336
472	0.08375116305965818
473	-0.14844245240773854
474	-0.19079725800424746
475	-0.3774670210041757
476	-0.14023272394285655
477	0.2845432653045376
478	-0.18140282065107732
479	0.34500888739009344
480	-0.2657618236465724
481	-0.1059779739378622
482	0.2010345407968053
483	-0.1620867219741381
484	-0.27459627760655253
485	-0.14638388634541777
486	0.3425288929662401
487	-0.2953646350528197
488	-0.010515175977067512
489	0.013621536316188922
490	-0.22010573688516683
491	0.023379222657226115
492	-0.10231862146679845
493	0.6872202465829352
494	0.34726140071324224
495	-0.6558307726124097
496	0.04710667104727536
497	-0.4917583701816612
498	-0.35423650005898544
499	-0.007508356668323294
500	0.439389164365841
501	0.8303785106925132
502	0.6929766294467454
503	-0.5148815068176089
504	0.07977311772563184
505	0.04443609846316318
506	0.5379040313371082
507	1.0940587257577734
508	2.74734594826819
509	0.19767156867854319
510	0.31342920395325724
511	0.5034472452436275
512	-0.03602075405584391
513	-1.1969660767317547
514	-0.25368284950318487
515	-0.3831157893834019
516	0.24502697342867366
517	0.4500591482846608
518	-0.25056816102751694
519	0.20786448839992716
520	-0.6436350059424208
521	0.22382430331388117
522	-1.0969384077198134
523	-1.908613983719221
524	-2.2457610751418873
525	-0.5583371669981652
526	0.11682491684189573
527	-0.6141661584963071
528	-0.4869674721155206
529	0.5518894107615102
530	-0.3948839620684382
531	-0.7907071409105793
532	0.5793801147030061
533	-0.5321111436175985
534	0.194596555499998
535	0.311610212108354
536	-0.2464762667691031
537	-0.18229163805461598
538	0.2178228009648725
539	0.33209941146543476
540	-0.11228809369649531
541	0.2798789851075535
542	-0.08354076427663189
543	-0.01693184859516454
544	0.198899630137929
545	-0.24143300234434986
546	1.4252675215379351
547	-0.31560565157012926
548	-0.26256266286853946
549	0.05880097273769552
550	0.19826535656984046
551	-0.2242843496451637
552	-0.3030088888861992
553	-0.5209902979335607
554	0.7789385835553528
555	1.6701663062075662
556	-1.083021063769876
557	-0.27374104987632936
558	0.46980256590180525
559	0.11662072323655225
560	0.25897965140390783
561	0.5833658490683098
562	0.03291664680131969
563	-0.6604344208412782
564	0.5696908310141533
565	0.31058210704391187
566	-0.6588574542595461
567	-0.7719536021550751
568	-0.4560684114771057
569	-0.5507884118649781
570	1.9279610831444771
571	-0.1430656951621195
572	-0.21668603891295427
573	-0.29323411936852667
574	-0.16986432469478327
575	0.4936617695823624
576	0.37823669210910515
577	0.8215135032593297
578	0.9521538992191342
579	-0.3391556954637475
580	0.1456232075466021
581	0.2243254957538207
582	0.14279322624264984
583	0.4554435532235438
584	-0.609999253039978
585	0.5979907251645726
586	0.2745384506828373
587	-0.2773169501337123
588	-0.24318502627157323
589	0.022983340670991288
590	0.0695583850830287
591	-0.3913687261258136
592	0.8016139225517462
593	0.8791739051345668
594	-0.45354359801648325
595	1.232232508310714
596	0.717898630382185
597	0.9047650065504456
598	0.5189569652877704
599	0.48061477144362075
600	-0.3217095753228662
601	0.6352126051150577
602	0.0847010920539396
603	-0.0033893978180599693
604	0.1251571309907003
605	0.2962556960623474
606	0.1246651850672596
607	-0.5127850808078906
608	0.506947001506012
609	-1.0916565026255582
610	-0.800017290390041
611	-0.26123396334925525
612	0.5698063050110656
613	-1.0305812993884536
614	0.11527589585875701
615	0.2357219565858028
616	0.02618375734437575
617	0.10387595371956282
618	0.08102809397589424
619	-0.18091554760203055
620	0.12741341910139095
621	0.7878942845819195
622	-0.06015038385143909
623	0.06341431685684983
624	0.46244152580327563
625	-0.10878683544596611
626	-0.3940546886171204
627	-0.14911623584558933
628	-0.5735093300614676
629	0.24983929431005122
630	0.20584815892194291
631	-0.04497725438642321
632	-0.425722328564034
633	1.601935405872154
634	0.7014740012783717
635	0.34677999244750113
636	0.5833173670150485
637	0.031252053746262436
638	0.07772593981539667
639	0.015166834091476258
640	-0.03224797953950884
641	0.5616615520944832
642	0.3164463150024046
643	0.40270340426112977
644	0.5767947077522098
645	-0.1410921233352034
646	0.1481644487128227
647	-0.11062955924525815
648	0.436223604575582
649	0.742245069755408
650	-1.2307556602038812
651	0.5542855657297684
652	-0.11672639695772564
653	-0.24319650653981617
654	-0.7675252588682704
655	0.5965768834647415
656	-1.2484402477870933
657	0.7122910273569039
658	0.5194272832302327
659	0.17877941818021464
660	1.6058066989855153
661	-0.9569917788251903
662	0.16099556734657675
663	-0.33210237435046036
664	0.0444202305297604
665	0.3046531401323022
666	-0.4092228982376005
667	0.39799718323460986
668	-0.3892802946452256
669	0.22060026049763964
670	0.596995126172087
671	-0.0662848070463774
672	0.15372063281753381
673	0.7090608576950123
674	-0.5556537996141933
675	0.2838450115080698
676	0.15235502379456933
677	0.19244182557233788
678	0.12855285742304
679	-0.39917485913346834
680	0.5844748980057544
681	-0.5847086427078744
682	-0.1654985145637708
683	-0.31927332107933926
684	-0.45056855479294633
685	-0.6918649371714706
686	0.8641638014992136
687	0.09512647344642375
688	0.2749702510682656
689	0.2080568587674383
690	0.6842676341840634
691	-0.3768209674322694
692	-0.19686370285721477
693	0.14635399540472818
694	0.11986536219648995
695	-0.14417149728147902
696	0.28464643924686117
697	-0.6708799011633482
698	0.21028340024326678
699	0.3281062915741033
700	-0.47349993257760087
701	0.0047266251412736065
702	0.9358266891431237
703	1.8751847061870213
704	2.3701448362231012
705	2.195741441180999
706	-2.8554791477745862
707	-0.9018031109403019
708	0.41300817917553084
709	-0.4744807541578377
710	-1.1193155152621124
711	0.6347158367924501
712	0.06883759968576235
713	0.40818137877581584
714	0.9360989536226166
715	-0.27890795801003065
716	-0.23015341553589108
717	0.30883317708636365
718	-0.34812434593685215
719	0.5868586622989792
720	0.8153199178886014
721	1.2165288478586536
722	0.8534173560077275
723	0.5581076844812667
724	-0.6163958057975079
725	0.3443048456590612
726	0.2607277522193011
727	0.2974330227507991
728	-0.9196984989312804
729	-0.5089605343401217
730	0.2305204514900928
731	-0.7251287539391323
732	-0.1887382921544085
733	-0.022993468246991475
734	0.2175107118003253
735	1.0293148020176677
736	-0.03412581355330348
737	0.3514179348270235
738	-0.5750086887832996
739	-0.07365965890740117
740	0.27077645610033807
741	0.0342266088277997
742	0.017038876224900364
743	0.2093975630384001
744	0.4190981941966463
745	-0.1279515100529698
746	0.3884939376276769
747	0.10451380093080384
748	-0.09042612472520867
749	-1.2147414407499928
750	0.4480283392561122
751	-0.25950103216094816
752	0.2797644503219435
753	-0.05414037652419702
754	0.8825184362406926
755	0.5978533526897944
756	-0.02843524706579423
757	0.3426913781550659
758	0.53240858122264
759	-0.06456043206146408
760	0.15418745460305605
761	0.19207231453406223
762	0.14628017912464092
763	-0.21890197272018272
764	-0.3324043952311624
765	0.23854345457332676
766	0.5271208334822552
767	-0.23505814722380958
768	-0.13372390891168512
769	0.46919666615542566
770	0.5682298709881403
771	-0.7032376412150547
772	-0.9225589837777181
773	0.03175532118470749
774	0.09692061284789094
775	-0.27754581426727887
776	-0.6598915255806737
777	0.2892389502664685
778	0.22626858296330274
779	0.3089520917693513
780	0.8478489078651213
781	0.31457188836055316
782	0.2714889900963139
783	0.6362716480554026
784	0.7383670566864249
785	-0.17764707164918955
786	0.875111019244505
787	1.7726338132099826
788	-1.0302036206619598
789	0.514992041976143
790	1.0006400243969626
791	-2.1614203794614304
792	-1.3470792781230512
793	-0.24556338078812942
794	-0.46693005690529066
795	1.123189208961386
796	-0.2987414381968125
797	0.26687608212562364
798	-0.6750088617239919
799	0.5013014276320584
800	0.585309399983961
801	-1.3928136305182246
802	1.0275772275591937
803	0.2565402709235569
804	0.19238984958115737
805	-0.05668123625170418
806	-0.1382001960350656
807	0.37311971749478345
808	0.04813684217766827
809	0.32135367112079816
810	-0.35042489420138956
811	0.9949090345541429
812	-1.5615413000165146
813	-1.3074435363259609
814	0.36519898184920896
815	-0.5953598751285817
816	-0.8143370733577782
817	0.591763135813677
818	0.0267900657601718
819	-0.686941973047954
820	-0.22450977017819715
821	-0.20384214650038737
822	-0.2512978580310401
823	0.4000757885222647
824	0.5672151422561557
825	0.18504085997441144
826	0.08685950964481012
827	0.5306849849973545
828	0.11144474432669038
829	0.03921483316913298
830	-0.5033573917161319
831	-0.24372788358282968
832	1.0367870815455291
833	0.4328270758068652
834	-0.2357478518390122
835	0.8021061277688335
836	0.05791224769196018
837	-1.1199263056893873
838	0.4085910164518011
839	0.5075421148282482
840	-0.6879183062761635
841	-0.4758730641588848
842	-0.25203620660571097
843	-0.25891164212875284
844	-0.4007843397692231
845	-0.427933021764495
846	0.6067145440262787
847	-0.25795181285273044
848	-0.44279322595717163
849	-0.9080100036239505
850	-1.1835206894358035
851	1.7602349651154663
852	0.04211506925281562
853	-0.5848854020774221
854	0.5462169769195921
855	0.9404385721432856
856	-1.0929477860363281
857	0.7986697667442715
858	-0.0654120436522509
859	0.36623712769333006
860	-0.7262363986819921
861	1.4136493013072096
862	2.32012603466133
863	-0.83642416211635
864	0.25613597045166925
865	-0.0949632965851885
866	0.09284655161609501
867	0.2579127766531576
868	-0.34431670668871
869	-0.7509514449693344
870	0.7060313993288768
871	0.776321971262205
872	-0.20324794016634468
873	0.6571152425258259
874	1.2281852700546376
875	-0.2334532009930355
876	-0.3627566655056138
877	0.3698299293124643
878	-0.22333459037720135
879	-0.23816073604175775
880	-0.6842214464901872
881	0.6816696775103989
882	0.24534980315474514
883	-0.13941885163840714
884	0.12303474144591077
885	0.9950344511138071
886	-0.18974041769576255
887	-0.0790356651759092
888	0.1781111575496152
889	-0.03856958077570143
890	-0.08873514033249691
891	0.06331044785866292
892	0.6146759181174889
893	-0.012490588135536726
894	-0.49219477768475767
895	1.0299425078289168
896	-0.6339816768993739
897	0.03746396438962831
898	-0.377391774265062
899	0.19470491457834438
900	-0.5169556326514269
901	0.3517863270678071
902	0.35951162118057445
903	-0.7466306115747599
904	1.0330374349038067
905	1.6006100465752513
906	-2.1020708877939946
907	2.861733887667199
908	-0.4209389353505295
909	0.7384784005694772
910	-0.03274386446352251
911	-0.6106380890477895
912	-1.3383390622019298
913	-0.6573685845504126
914	0.2421533427982513
915	-0.8179743620177956
916	0.8008214954018045
917	1.2432015239922478
918	-1.9675957145673815
919	-0.36236328744917723
920	1.3513181620514882
921	-0.24954681883458327
922	-1.0754703316007739
923	0.9923293086884996
924	0.30107512308509865
925	-0.22914302447575047
926	-0.3591533080160124
927	0.281442739723098
928	-0.14890887187374666
929	0.49499598473520173
930	1.1989364633444501
931	-0.6493146558077348
932	0.8706372208586453
933	0.550406102929678
934	-0.9288923101288926
935	0.08221703867328178
936	-0.5853171949226007
937	0.28103473680521435
938	1.1518008312395864
939	-0.08773598278235728
940	-0.2803089006176348
941	0.4866359362389085
942	0.3557995298428465
943	0.61336273908913
944	-0.14807560876971698
945	0.2137928502259793
946	0.4351035420882599
947	0.33250201347257163
948	0.5489175974436223
949	0.06380016009733874
950	-0.2139048575124171
951	-1.0646780913352827
952	1.6351563529323014
953	1.9891455810005103
954	1.860181629851362
955	3.0008829526302914
956	-0.35674187230538873
957	-0.020676458750302305
958	-0.6111440078021806
959	0.2477140965783144
960	0.6563594651580836
961	0.7850916098711617
962	0.06108152488939008
963	-0.2020434764725785
964	0.328610781152001
965	-0.00803484029700969
966	-0.03848767402729495
967	-0.10449518547728481
968	-0.10041119244819163
969	0.05658370886593794
970	-0.1444135817359493
971	-0.6925008638586477
972	0.3382346718394086
973	-0.966333852935104
974	0.010580301627935955
975	0.28816036059565664
976	0.1496136859173377
977	-0.0808442460752039
978	-0.22226800141300992
979	-0.34127566825380234
980	-1.019926602057918
981	-0.14803299517411203
982	-0.20327707477875245
983	-0.30741482727491776
984	0.09969950642869294
985	-0.7110732883370732
986	-0.7053088650582978
987	-0.9350210303797106
988	0.8759027763338338
989	0.04434920764616554
990	0.14354565178421538
991	0.12064203006251467
992	0.15883357316580862
993	-0.2790054739561489
994	-0.45393394237384377
995	0.6276929632972622
996	-0.28210233823392117
997	0.330513251839796
998	1.3136569179646758
999	0.08622778704812054
1000	-0.11448823227648287