1	0.27118249726431615
2	0.6294236849668214
3	0.2610645454994264
4	0.4036887400274403
5	0.5115458788007156
6	-0.188616249005778
7	0.07735748273068878
8	-1.3140370936036656
9	-2.128583334069504
10	1.8783184980870054
11	1.7684432768782479
12	-0.21875822913654308
13	-0.4439952354884933
14	-1.2220752217839268
15	-1.312051085035907
16	-1.2096036680595958
17	0.07689942328552078
18	-0.10430104243035446
19	-0.27942175409341113
20	-0.32033812719655297
21	1.0426073415039316
22	-0.6775469574355224
23	-0.19760780066233713
24	0.4463489220701412
25	-1.8991761609049076
26	2.645022382151455
27	1.0039047683778783
28	0.47090006365338494
29	-0.5175911016301549
30	0.5186082296914352
31	-0.29508553791511727
32	-0.3612006607036617
33	0.6190193152880343
34	0.741598076582954
35	-0.29514716222807125
36	-0.477707415174261
37	0.06389245606694867
38	0.6988988152390563
39	0.7560960178475816
40	-0.34508484873628636
41	-0.8340969244661665
42	-0.9226809628996903
43	1.105945831711491
44	-0.5741281570840491
45	-0.4521980363709423
46	0.7667277087510397
47	-0.27444425188804045
48	1.2769872460125082
49	1.8310218682586876
50	-0.27008082872594635
51	-0.22358652535176732
52	-0.2654648316729359
53	-0.04121206403583226
54	1.8917617650374152
55	-1.5359259261274694
56	-0.048407829468426505
57	0.18953458379646432
58	-0.46761757049942304
59	2.0595494933880762
60	0.32535192245080835
61	-1.0853043982503865
62	0.34879567134195044
63	0.39580455945438775
64	-0.4999693932499762
65	-0.7208885292348393
66	-0.3345036635801758
67	-0.4467174011486825
68	1.5382522126556133
69	-1.0522338850261492
70	1.0589549807810674
71	-0.7879373386985391
72	-0.1783368588498983
73	0.06058015216657778
74	0.1044021334011908
75	0.49361793533557125
76	0.389515039629904
77	0.5950792024165917
78	0.4544366778755049
79	-0.1418080371666979
80	-0.6057413508775634
81	0.12206925911346159
82	0.10741755043619797
83	0.4732799366761827
84	-0.5806721797733305
85	1.5568760371864316
86	-1.3971696245744858
87	-0.9361412580633517
88	0.7048836891448544
89	1.5488332412939816
90	0.5196358249868384
91	-0.3410272939296764
92	0.23580769062967374
93	-0.5675937640151039
94	0.3510303168583788
95	-0.44876710610765574
96	0.07905678867430543
97	-0.8951136739282636
98	-0.07112908366103558
99	-1.0030655116496285
100	1.9015423046586186
101	-1.9443191794088195
102	-0.6330050673032303
103	-0.3640610488512657
104	0.9097086745553724
105	0.25341790135395487
106	-0.18542668188806063
107	-1.6383250850991649
108	1.4909052715823046
109	-0.412134328302541
110	-0.6139122867619625
111	-0.5840182670515038
112	0.548773866534363
113	0.5001431208899434
114	-0.0898568729192915
115	1.1067160545125305
116	1.4934325015162684
117	1.9221751547574761
118	1.504543407334833
119	0.061165292977280045
120	1.1209261318558927
121	1.2141341272763182
122	2.988068018494336
123	0.27527942864261673
124	-1.1678611803473862
125	1.6855798288446449
126	0.3803753561049648
127	2.219789846947828
128	0.5111657553052933
129	-0.14399388642111743
130	-0.3910806972424558
131	1.2289514148691394
132	1.312208846762523
133	0.5824996988064068
134	-1.1490650851690136
135	0.919786903545882
136	1.0286723042296182
137	-0.4473040286574065
138	-1.1082896254366623
139	-0.626773808164641
140	-0.2660418465529926
141	0.7820665598496775
142	0.00845317075656171
143	0.44353126884850885
144	-0.9370502042978146
145	-0.42252396766785416
146	0.32803364879363994
147	-0.9026513858838485
148	0.6330250918645683
149	0.0651261923280267
150	-0.6071621488999891
151	-1.4920178136129307
152	0.6418740224441084
153	0.4524980867448968
154	0.0947789516306015
155	0.13544348932487646
156	-0.32280569688969724
157	1.432042400807992
158	-0.5629111731937224
159	-0.09543346086926931
160	0.18495241031086732
161	-0.12342514121180394
162	-0.4198287276288811
163	0.4620622633814736
164	0.6869812156338403
165	-0.8585115163412692
166	-1.4392399167884102
167	1.4455235965746753
168	0.8040648848341414
169	1.3953287367605813
170	-0.5289641069347626
171	0.19526894450705418
172	1.3422412314864185
173	0.6184402937728026
174	-0.7620800258916429
175	-0.42307452506938276
176	-1.6903473443465655
177	0.9654625201115998
178	0.6477036121868537
179	-0.6893097067919642
180	-0.845127697174891
181	0.14744513552473273
182	-1.0140384500904616
183	-0.860471990349328
184	1.1005158179921262
185	-0.782075123911642
186	0.46506994543106966
187	1.7146810296216324
188	-0.4101179194388536
189	1.1648613276633921
190	2.0234397267231587
191	0.8908656610197935
192	-0.35021062209188836
193	0.7780547654435301
194	-0.6534632622524255
195	0.49048525802793946
196	-1.2890710071766573
197	-1.100385216159822
198	-0.8837311289808568
199	1.8925861677176887
200	0.906748332938824
201	-1.3645530822400498
202	1.1430642389240147
203	-1.0063265301263966
204	0.7435740616346802
205	0.536176659398769
206	-1.4666487403270148
207	-1.407012344016478
208	0.3171938693299387
209	0.6161321043375465
210	-1.3994273787286906
211	0.7294406408016082
212	2.0923668889902367
213	0.9742616019430274
214	0.11576669102661016
215	0.6302431037638311
216	0.17114399668477198
217	-0.627940391831153
218	0.06585900251877778
219	0.320931560522932
220	-0.1009530155633265
221	0.2674327700520171
222	1.638738382945901
223	-0.44749151145576105
224	0.8866277672430022
225	0.8074946370697103
226	-0.05365849138449934
227	-0.7977369361624894
228	0.578342871966411
229	-0.7852801511535397
230	1.4737570860575115
231	-1.6578917507094202
232	-0.14172037478022992
233	-0.41831559073778496
234	0.6700913584483088
235	0.6773359399476565
236	-0.22165797330850232
237	0.8599661098549796
238	1.4544351052055167
239	-1.0139088443075246
240	1.443813307310637
241	1.0174379711284527
242	0.9694596691334898
243	-0.06585768196521136
244	-0.3577590981899645
245	-0.6415156939775235
246	-0.08251160544204422
247	-1.3021362825216354
248	0.1536876395218233
249	-0.6753416875630665
250	-0.035056371668005744
251	-0.9589826875374544
252	0.691961216639802
253	-0.6893086215656409
254	-1.9564890685869556
255	-0.7430742522948219
256	0.35180214179601677
257	-1.2779257678919917
258	1.3853618914561099
259	0.025557997516659218
260	-0.1375042586107138
261	0.08998038777931068
262	0.6050241965920126
263	0.6693933213317139
264	1.0764358668599676
265	0.5010904233180223
266	-1.595449385523474
267	1.4786743304813035
268	0.03783090993011923
269	1.0424294633223896
270	0.6932501569573101
271	0.6441135084476535
272	1.4002997329696742
273	0.2877436048574871
274	-1.1336559734940461
275	1.6355276213766674
276	-1.851374488609295
277	1.0653220527255793
278	-0.9870232970972925
279	1.3733273219111342
280	0.4231038384161133
281	-1.085842083739614
282	-0.1529982407803984
283	0.28912264455423925
284	-0.6131547660525194
285	1.5361290589482672
286	-1.4430478872425945
287	0.2899202809752875
288	0.472085841971702
289	-0.15588104349326304
290	-0.6006832276718713
291	0.48940597016244913
292	0.051384008889428935
293	0.5300669266196765
294	-0.18562404324630327
295	0.295801355509472
296	-1.4460571263431083
297	-0.04455394345922062
298	0.098279551633002
299	0.47737039776440876
300	-2.296709607207008
301	1.9181063968568772
302	-0.8173396658145861
303	0.05621105619145057
304	-0.6621782990540377
305	2.185351804640729
306	0.5660419316929216
307	-1.7045762202964008
308	0.13687083854934315
309	-0.19813320556361827
310	0.3047605059498159
311	-0.4062469503968129
312	-1.6309752071368608
313	-2.4799488492680446
314	-1.2013323216609226
315	2.0866823410796482
316	-0.7694913329564859
317	-1.1832093793689848
318	0.18506480408146503
319	-1.427310982912469
320	-0.19935588580396907
321	-0.5617023898684451
322	-0.004098179203642997
323	-0.7994066434908497
324	-1.2750874387259594
325	-0.7387313557414509
326	-0.19421259929715023
327	1.161428702623413
328	-0.03458228673262782
329	0.5659790160569653
330	0.8030756929758588
331	1.2294945404420332
332	-0.2660094807392367
333	-1.1146358096063123
334	-0.32264076034481565
335	0.2200380109714305
336	0.13092182383191106
337	-0.25330480877259615
338	0.11287344935980732
339	-0.49576505990165604
340	-0.8660586590931357
341	0.8448647766294413
342	-0.6982616507084044
343	0.4672629163013272
344	0.6117543771537566
345	-0.43107302371996276
346	0.26250951287767216
347	0.13548255545245427
348	0.294726321963113
349	0.11475759626322218
350	1.4886649180099871
351	0.657742441934666
352	-0.23109854154683776
353	0.19760023927409234
354	0.8321569370383236
355	-0.7918905604173571
356	0.08204322189215305
357	0.9819343333453645
358	0.8726204425807501
359	1.6712509491907388
360	-0.5166915019975402
361	-0.9997685041516385
362	1.2611692722378676
363	0.11315394518733589
364	-0.6141193908748913
365	-0.001821057529576598
366	-0.9823907561134778
367	-0.3037295714551411
368	1.045223536136221
369	0.43729474392118073
370	1.7790463353330295
371	1.2325405058497096
372	0.823095470630967
373	-0.6728285875365679
374	-0.5248152902804083
375	-0.15974799385633529
376	0.7396220693519733
377	-1.236297653447074
378	1.5212876685109624
379	-0.8283988392387783
380	1.9153203693199528
381	-0.1837957079336019
382	-1.0061841097671167
383	0.5615638658452723
384	1.2182071952805078
385	-1.067624751332488
386	-0.25554346314382137
387	0.8610946207235909
388	-1.0037902912032972
389	0.8740274477108526
390	0.7936208200115059
391	-1.9440147048584573
392	-2.177075575836312
393	-2.3083518120959416
394	0.47090001504299916
395	0.7088772892849992
396	-0.9296925950424496
397	0.9199047043612456
398	-0.3931684991936627
399	-0.8529581267693337
400	0.5470987610585558
401	-0.5179649519689504
402	0.4350455750624231
403	0.230744770661287
404	0.6879103795837431
405	-0.18721935796597305
406	-0.08287838290333015
407	0.45354107963696844
408	-0.16262599987711931
409	0.9102211209361272
410	-0.42636763661571747
411	0.7452168822455251
412	-0.06508790056298111
413	1.3664322263101563
414	-0.12296114343769758
415	-0.4423318234149672
416	-0.22575736697302431
417	0.7204004767320207
418	0.28938208999114057
419	-1.347503079408986
420	-2.781770602330984
421	2.051120884972697
422	0.6638519970380338
423	-1.4444801509880962
424	-0.18261710891791133
425	-1.268724662050064
426	1.633127407544482
427	1.5917837862930517
428	-0.42219424580563203
429	-1.074661903618587
430	-1.227809350967562
431	1.7964854716368919
432	1.4316259111332945
433	-1.8088590660625707
434	-0.8091607553134816
435	2.5987460004845926
436	-2.9720574122063668
437	0.6463394406583394
438	-1.2008288062981418
439	-2.359055911474751
440	0.3168324093555261
441	0.9519920032479701
442	0.16869265141603937
443	-1.3811580855408172
444	-3.251897288615769
445	-2.0607018826016508
446	0.6262220417872472
447	0.2859500486766896
448	0.654831120757194
449	-0.9453535717179088
450	-0.2891429662578717
451	-0.31506813498793623
452	0.7120136145490178
453	-0.6218018828510107
454	0.6107535241275912
455	-0.3305283449697505
456	-0.30197087503270664
457	-1.1352526569999015
458	0.09439235651410474
459	0.8672689278215406
460	-1.345659780125924
461	-1.557042243087343
462	-0.8410049138721489
463	1.1292801369005834
464	0.25945522226683954
465	-0.4734127898253132
466	-0.5716105949031886
467	0.6609150933575804
468	-1.3526617125729674
469	-1.2465068186641075
470	1.3136830180663308
471	0.1650189265360232
472	0.1488595035634751
473	-0.2751921291027026
474	-0.3476957758710737
475	-0.6766477851270327
476	-0.22900757354441414
477	0.5182824172018822
478	-0.31147141338515877
479	0.6192389914310905
480	-0.4415753095921913
481	-0.18224088279488163
482	0.3705365680517331
483	-0.2895059881254093
484	-0.4973857021847937
485	-0.25244628915246026
486	0.6233400094202145
487	-0.4923605435990825
488	-0.017795676790808786
489	0.025479656383883244
490	-0.41168466503851864
491	0.04145978350808853
492	-0.1912821166658185
493	1.2694059154756934
494	0.4969700393688581
495	-1.0597329855279827
496	0.06503050643367428
497	-0.9167692944972328
498	-0.5510522733203078
499	-0.012184830782763839
500	0.8219553375556613
501	1.3251532899223706
502	0.8853340444419878
503	-0.6514422231517129
504	0.11303150105921188
505	0.08231848725905797
506	1.003830032321923
507	1.6674906757211863
508	3.1628194363713305
509	0.15225490765855298
510	0.5480064054791106
511	0.8478327143583817
512	-0.05431121518912778
513	-2.2349413198355705
514	-0.3241912658606584
515	-0.6534177803091858
516	0.3957611015202684
517	0.7810409655048373
518	-0.3913165804466132
519	0.358892434229296
520	-1.1421516256547533
521	0.3207553230853945
522	-1.9139246311026272
523	-2.3741424807063307
524	-1.9677674821112283
525	-0.3701940440531902
526	0.1500254376438676
527	-1.124248223626
528	-0.7141655527229709
529	0.8165040810156556
530	-0.5624239278675173
531	-1.2370820791594537
532	0.7454579581120432
533	-0.7237092904261814
534	0.27586148439864566
535	0.5520624064221795
536	-0.41611080799079764
537	-0.31703607548252005
538	0.3910169985274271
539	0.5879623990250417
540	-0.18750474745744844
541	0.5147156124926465
542	-0.14391268368017276
543	-0.03138184323837868
544	0.37197243513758166
545	-0.4319562754819946
546	2.495316949093052
547	-0.3743658596658375
548	-0.42767421194327354
549	0.10113981014418222
550	0.36918846898364965
551	-0.4012820820550945
552	-0.5347742047506838
553	-0.8831696039701804
554	1.1655542289686238
555	2.1231051587289795
556	-0.99497357127318
557	-0.25618177929016667
558	0.781708897709838
559	0.17861221675338684
560	0.4750567112400428
561	1.0148805356392914
562	0.04811415637218748
563	-1.233502307667401
564	0.8268795101440439
565	0.43583412907596203
566	-1.0888370638818832
567	-1.072142824890387
568	-0.5666940827230771
569	-0.8120033329927684
570	2.7455999958459962
571	-0.1382016151495416
572	-0.3913338531918876
573	-0.5196111812275162
574	-0.28954868495506797
575	0.8900420676402625
576	0.5827834296106552
577	1.31188658581413
578	1.2207908356509514
579	-0.37762744220950833
580	0.2322489021637034
581	0.4075637609133391
582	0.2522616377798628
583	0.830397797895776
584	-0.9602727788902699
585	0.8376957086076362
586	0.37574796477291444
587	-0.4683255584533071
588	-0.41613913350982407
589	0.040076170626193695
590	0.13003929184146745
591	-0.7278230055745301
592	1.3081340799635608
593	1.1460423396095532
594	-0.5243978958597895
595	1.8052980034056578
596	0.7817885788194435
597	1.086728521181805
598	0.5763146009222895
599	0.6667819092944864
600	-0.47344780518560564
601	1.046281364026366
602	0.11879722789480518
603	-0.006270789655656709
604	0.23414414518978158
605	0.5439351923663603
606	0.21299217349564242
607	-0.9398415320211986
608	0.7773958449252673
609	-1.609169371432598
610	-0.9052734143556609
611	-0.3010893549965332
612	0.9630050705550345
613	-1.5032851597559873
614	0.132077455383039
615	0.43132585181516325
616	0.0460407454014688
617	0.19415632687170142
618	0.14961465569547622
619	-0.3357020485131314
620	0.2294961167918675
621	1.4443986127065236
622	-0.08298373164053559
623	0.11796173888058314
624	0.8608289115198039
625	-0.17150608218560207
626	-0.7248819861206632
627	-0.2425238086422491
628	-1.0410651981889558
629	0.3717078835140704
630	0.35454694615534776
631	-0.07987706848455223
632	-0.7943344013795711
633	2.5719497453771143
634	0.7657111352563812
635	0.42122450615761076
636	0.93019108166657
637	0.0445504440298588
638	0.14519041340378858
639	0.028164167443303804
640	-0.060312957725799705
641	1.0494109354088936
642	0.47758555454839835
643	0.6669935769681765
644	0.9170257363374175
645	-0.2016604470508695
646	0.26908715155832114
647	-0.20149514250284134
648	0.8037306405870365
649	1.182364385171512
650	-1.6267543967393663
651	0.5701727068244228
652	-0.15612740250530052
653	-0.4453738733757073
654	-1.3450328384362253
655	0.8117175676753446
656	-1.69894047396783
657	0.7410125838745889
658	0.6205392357499634
659	0.25036286572488176
660	2.8665419589592513
661	-1.1318041761856863
662	0.1735898280116882
663	-0.5952112204113214
664	0.07429374359450804
665	0.5683889256204498
666	-0.6975787764335146
667	0.6334423618127921
668	-0.6168502890725475
669	0.3511960616038433
670	1.0484994913431063
671	-0.096575249884115
672	0.2856599026446092
673	1.2899413936087112
674	-0.7841008973494983
675	0.39926596849724166
676	0.25620115580903424
677	0.3492028640738836
678	0.23024009852891403
679	-0.7314348788916876
680	0.9474442953300414
681	-0.8367668504715938
682	-0.22943740770283297
683	-0.5734109525719794
684	-0.7588569478173977
685	-1.073664693700081
686	1.1574797303509432
687	0.1118236120298091
688	0.5067098427680747
689	0.3593411787757499
690	1.2141693915448086
691	-0.5313045768697644
692	-0.31140723611170024
693	0.26000749186517075
694	0.2183128112691525
695	-0.264953692248674
696	0.5193185868348346
697	-1.1520467935344214
698	0.29445553491150406
699	0.5762431728232893
700	-0.7915612293523941
701	0.0072314222699324995
702	1.7507128171204276
703	2.514572756227282
704	2.2003964782509655
705	1.4868953168899885
706	-1.655251922622644
707	-0.42907298639992947
708	0.38916710835801627
709	-0.7062467648406106
710	-1.6734651872397583
711	0.7183811718678579
712	0.08806574351549155
713	0.7577577453370995
714	1.5143755825501999
715	-0.3461682413485121
716	-0.3855661420361045
717	0.5413021574721024
718	-0.5878659756567847
719	0.9654516803185118
720	1.170235758897314
721	1.4988283633701387
722	0.8503260293011379
723	0.6040837153240226
724	-0.8274612678579323
725	0.4614974659689678
726	0.4196749622066387
727	0.5116768869633512
728	-1.559496032041658
729	-0.6499396373353442
730	0.3284498588293341
731	-1.2601207790818478
732	-0.2598418352169814
733	-0.04082317653045521
734	0.40664081893793513
735	1.8273200783500991
736	-0.04349430302220619
737	0.6561826462962391
738	-0.9578770496017752
739	-0.10673159183515418
740	0.502389036075258
741	0.05927270129151085
742	0.03182632821963301
743	0.3916046720373269
744	0.7465882527901101
745	-0.20419340749409076
746	0.7103793394771185
747	0.1702787273383077
748	-0.16661855919010926
749	-2.2495597970533576
750	0.5679195964789182
751	-0.38574460712417635
752	0.4791347531686133
753	-0.09263789024986398
754	1.6444618767835888
755	0.8101174169093072
756	-0.03863076108189745
757	0.6402872611228339
758	0.8908523950741641
759	-0.0957176749844743
760	0.286644458513186
761	0.34937180987948235
762	0.2620611629883693
763	-0.39879474351265
764	-0.588762680773815
765	0.3982907947844051
766	0.9198067043618983
767	-0.3532678540235308
768	-0.2323794707457272
769	0.857739218887455
770	0.8890486398206645
771	-1.0055911497960734
772	-1.1973840701247194
773	0.03596807287618323
774	0.18100743436009453
775	-0.5133185489897617
776	-1.1387148161968335
777	0.4076016707454689
778	0.37923860087188416
779	0.5425724347505899
780	1.4319571306879746
781	0.40976498924552485
782	0.44510307076757866
783	1.0896005961323534
784	1.0483972164017838
785	-0.2260178437121592
786	1.5595008643950448
787	2.3511212857942776
788	-0.9603682819555259
789	0.4969127247300669
790	1.371291734900224
791	-2.4289198420128812
792	-1.0669110217006772
793	-0.19499603091178896
794	-0.7904493853844987
795	1.729196178988638
796	-0.34331752277749517
797	0.4392957785266925
798	-1.1592192158025885
799	0.700773974616633
800	0.850776283707513
801	-1.9372745755956273
802	1.04904482068468
803	0.2547434503615117
804	0.3246594461844043
805	-0.10117798104343671
806	-0.2574663591203202
807	0.6823056937102365
808	0.07904752855283055
809	0.5992314941341963
810	-0.5924191095707935
811	1.6348483362932469
812	-1.9214704898082056
813	-1.1986241533954924
814	0.31020962876220287
815	-0.9178042802331532
816	-1.1430310684304512
817	0.7234951812110443
818	0.03579197315082142
819	-1.2836622295452735
820	-0.322863039313078
821	-0.35557825568374435
822	-0.4469859506601189
823	0.6968029651296469
824	0.910702977172925
825	0.2665118623057485
826	0.1546999728912404
827	0.9831742000650776
828	0.17003038967667922
829	0.07204932952863892
830	-0.9398561964808068
831	-0.3772945615818844
832	1.7959341306792258
833	0.5429015987020259
834	-0.3538938809123408
835	1.3932490716345063
836	0.07757303785582549
837	-2.0839583269229127
838	0.5271227871889473
839	0.7777980939135101
840	-1.0135389122542207
841	-0.6281684427679445
842	-0.36930404998493205
843	-0.44499669449704937
844	-0.6935043194108483
845	-0.6860422806509239
846	0.9453238183588888
847	-0.36092872672646575
848	-0.7564639672913847
849	-1.4191311559448774
850	-1.4578069558026012
851	1.7715176086170823
852	0.03296781873169241
853	-1.0906132512474498
854	0.8158847282684575
855	1.3468036429361725
856	-1.2796918406091455
857	0.8108971527610589
858	-0.07351870877540394
859	0.6801642459489777
860	-1.199830680552921
861	1.907079758890698
862	2.315195079668557
863	-0.5985959972966142
864	0.26407297476889324
865	-0.16046564274377495
866	0.17158842417901568
867	0.4773844852078602
868	-0.5997884051358549
869	-1.2430869693638393
870	0.9438088623721017
871	0.9866704874917386
872	-0.24510783583283308
873	1.1534222940267898
874	1.7434592408638059
875	-0.24989614580928907
876	-0.6231042298107113
877	0.6048244762184181
878	-0.3612901138519757
879	-0.4180436246125607
880	-1.1981543725649164
881	0.956284317577065
882	0.3202897225483432
883	-0.23924897039476642
884	0.22442194540467772
885	1.8270220949626044
886	-0.2484798750061356
887	-0.14006004410468315
888	0.3305095679287577
889	-0.06954604716567996
890	-0.165687984872339
891	0.11730475051148777
892	1.144203232606984
893	-0.018423856198410776
894	-0.9205918802341195
895	1.603256369984939
896	-0.7509170610337351
897	0.048363523235647764
898	-0.7044145582911141
899	0.32016353002537884
900	-0.9207987696719961
901	0.5342480744787759
902	0.5827512898152851
903	-1.2138175624194658
904	1.3735531513421673
905	1.7544303775625174
906	-1.785715155222071
907	1.9058969089440068
908	-0.21672515466583156
909	1.067478742999889
910	-0.0418995134879148
911	-1.1403862022868114
912	-1.9795265674323277
913	-0.7045171085856876
914	0.3020229273070283
915	-1.4039322030309738
916	1.0612762688637931
917	1.4998818141010215
918	-1.9249819886800787
919	-0.2686050858268121
920	2.0784368326465255
921	-0.2735671883009443
922	-1.8289010310019067
923	1.2209175455800223
924	0.32446220858225705
925	-0.37544089196185626
926	-0.6290039321167457
927	0.4624782338766649
928	-0.253648833086303
929	0.899681750099489
930	1.8499314207711173
931	-0.7343449108072473
932	1.1026348135866617
933	0.632452635590544
934	-1.2646935509976385
935	0.09464788595278223
936	-1.0825900035159437
937	0.41856309129244496
938	1.9476792551679478
939	-0.10591142681434672
940	-0.5177583772503138
941	0.8385094849537297
942	0.544152938797799
943	0.9924942693366762
944	-0.20873763939880388
945	0.3870695643618981
946	0.7721100170367102
947	0.5257964565107738
948	0.9043544608025089
949	0.09340638754245437
950	-0.3977022285018721
951	-1.8923356545653998
952	2.0702826013698368
953	1.832831444700727
954	1.325121530685284
955	1.9292346133004408
956	-0.1767020566223464
957	-0.03169885391581484
958	-1.1426153467623092
959	0.3664666188152249
960	1.1315259290489583
961	1.1076405012587698
962	0.07582481179977629
963	-0.3756613658080932
964	0.5869808045088201
965	-0.01345723944788621
966	-0.07199734357572861
967	-0.1951323733931551
968	-0.18537365980290801
969	0.10454772647163825
970	-0.2690875282022944
971	-1.2638390558691515
972	0.4807670315317868
973	-1.5698236711162203
974	0.013043373640495374
975	0.5389976638153636
976	0.25716434860076176
977	-0.14693698525909363
978	-0.4123889552465574
979	-0.604307227014426
980	-1.6948401695639765
981	-0.182088118966462
982	-0.3672321715816242
983	-0.5479534490156489
984	0.16880502257359647
985	-1.3125553446698188
986	-1.0006862839289037
987	-1.2094047263261753
988	0.9855984912728339
989	0.04895145563740382
990	0.2676364437142201
991	0.22024205021308033
992	0.2918479494926149
993	-0.5064723993124252
994	-0.7812890580389794
995	0.9765713008920409
996	-0.3902845860774047
997	0.5558318208616045
998	2.181702139208474
999	0.10005131073328095
1000	-0.21152440352222696